5.883161492398608e-05
0.0
0.004332431860968848
0.0015282548705498615
0.0022015841120237435
0.0
6.987222987128784e-05
0.004563992520641177
0.0005066527929450625
0.00010591081529808075
1.0410893008589586e-06
0.00036799428895348957
0.0004441603056546299
0.0004147667595808903
0.0
0.0
0.0
0.0
0.00012177700731553722
3.8921429685063013e-07
0.0005361097081206595
0.00019076257128639143
0.0
1.4274862369768004e-05
1.8027780459121286e-05
3.4823435627436097e-05
5.744699889345781e-05
0.0
0.0
0.0
0.0015726923721193398
0.00395518511682223
6.783210664008847e-05
0.0007775047859401168
0.0008644948077292854
0.00042169279913105044
0.0014538217483815185
0.0003268565168456106
0.001681653496654194
0.0005292092555236193
0.00030721454434127127
0.0017861823349649775
0.0003278756469750899
0.00035116040664856654
0.00015812774701967345
0.00016810622784433688
1.049860208826137e-05
0.0001606873919734607
7.75023135788151e-05
0.0
0.00030119156343354285
6.0429644353144084e-05
7.395544434050114e-05
8.975293043077866e-06
0.00026457428629273947
0.0010093943784157341
0.0
7.143973123372383e-05
0.00037763060672921835
0.00039758528847881695
0.000993641090472219
0.0
0.00016952289829889083
0.00019870853296203293
0.00025649510882220144
0.0
0.00011971708687679571
0.0
0.0
0.0
0.0
0.0021846677025210465
0.0001076439216378594
0.0
0.0
7.786380451931725e-05
2.4287335741887255e-06
0.0
0.000245913462788543
0.00022408806571438698
0.0002833533263355371
0.00011079121275423677
0.0031101472691549984
9.11166409048526e-06
5.7503366177507676e-05
0.0001423507834592914
7.782186522787093e-05
0.00024332925960560226
9.173397790749636e-05
4.966296542142918e-06
8.819707722912778e-05
0.00012562356164595853
4.570925361613741e-07
0.0
0.0
0.0
0.0
0.0
0.00016446393864505738
0.00013057960163348912
0.0
0.0
0.0
0.0
0.0
0.000683541968927504
6.668692344650273e-05
0.002295473350764129
1.2540242834584426e-05
0.0001350269332532039
0.0002140920756148428
0.00035810199048214177
0.00019656810295855666
0.0002575178668691845
0.00012579842276797467
2.210024988324262e-06
0.0
0.0
0.00017058303404381803
4.606127275649053e-05
0.0001830528142342705
0.00012133967348584093
0.0
7.782813083061151e-05
9.360948699485288e-05
0.00015278122374341054
0.00023038689269878326
0.00014563409698140054
0.000608825917673566
0.0
2.6960831800749484e-05
0.0
7.397703372969116e-05
1.7263062987845985e-05
0.00016420246348676235
0.0
1.002581692411708e-05
0.0006868344494636043
0.0
0.00023800043926989169
0.0007585687261862256
4.1066334448431734e-05
6.369000996212422e-07
0.0003221671694771415
0.0004780055034769111
0.0005012558785428752
0.0
5.1677075881553055e-05
0.0
0.0
4.509578450791929e-06
0.0
0.0
0.0
0.0
0.00011975471687516141
0.0003667932132085572
0.0
1.2404769158066992e-05
0.0
0.0008800884810490337
0.0
0.0
9.272864441997819e-05
5.795222859432372e-05
0.0
1.6063020416782917e-05
0.0
5.689439328271541e-05
0.0
0.0
9.571696705933435e-05
3.710488704297462e-07
0.0
0.0
0.000162569487451278
0.0
0.0013014001330750404
1.805314615522925e-06
9.394561708970079e-05
0.0
0.0
0.00029888338431746805
7.744840777362729e-06
8.98140955727476e-05
9.874333457424885e-05
0.0
0.0003602963851607558
0.0
0.0
0.0023794810267872236
5.235594428310641e-05
8.209154816004779e-05
0.00010992093223721611
0.0007029500879098834
3.297890278176524e-05
0.0006499518378669654
0.0002819077969376933
0.00025020978248303474
0.0
1.9389715311618694e-05
8.41019051859086e-06
6.7776034750001365e-06
0.0007128975415304845
0.0
6.067218526908303e-05
5.595158994126804e-05
0.0010961779714125468
6.987187131022591e-07
0.0
0.0
0.000143040846488523
2.773427299516871e-06
0.0
0.0002501447225158702
0.0
0.001026748287535481
0.0
3.7778710916189636e-07
0.0
0.004353772753102095
0.0
0.0
0.0
0.00011220352151219021
0.0
0.00016436544816389486
0.00018883897120799162
3.72510613257432e-05
0.0001984869675817933
0.0006847124360964633
0.00031110245392277405
9.226413465741042e-06
0.0
0.0003703520061855656
2.1255305209060406e-05
0.001005385931949678
3.863947104695564e-06
0.0
0.0
6.237566262931952e-05
0.0
8.461883064485933e-05
0.00014088812277143363
0.00017528557617309417
0.0002583426356942467
4.539959779821731e-05
0.002714914646100328
0.0
4.832033714426425e-05
9.609286555736467e-05
0.0
0.0001811545312650733
9.570602055037161e-05
0.0
0.0010692902450379963
8.529878835327832e-05
0.0001908150389774126
0.0003418154462330216
4.8604634506926375e-05
0.0
0.0
1.3713923756011795e-05
3.614208128786376e-05
0.0005738517409108418
9.700758855743897e-08
0.0
0.0
0.0
0.0
0.00034116415007518153
0.0004542647160361726
0.0
0.00028895915314587357
0.00014507371059010988
0.0001815771017795271
1.416538196951986e-06
0.0
0.0
0.0
5.03344659138247e-05
0.00026067461035907005
0.0
0.0
0.0
0.00036261628092302693
0.016564095998753692
0.00014505159313259625
0.0
0.0
0.0
3.043537182913631e-06
0.0
5.031390901533284e-05
0.0
1.873312487207293e-05
2.0126544813817162e-07
9.44298428663955e-05
0.0
0.0
0.0
0.0
3.089421672765183e-05
0.0
0.0
1.0178210251577921e-07
1.2578769650409964e-06
0.0008523523058965396
4.7621672743019065e-05
0.0
0.0
3.2255570572791372e-06
0.0
0.0
0.00021918215871251183
0.0
0.0
0.0
0.0
0.0
0.0009708279344929644
0.0
0.0033574002336286993
0.0
0.0004091204729797645
0.0
0.003801315535874442
0.00011568793344142609
0.0005956059207648966
0.0
8.826944845326468e-06
0.0022417560845070807
9.642825237051189e-05
0.00014179402678086265
0.0004994066315226021
4.797307320894893e-05
0.00035026277381515003
0.0
0.0
0.0
0.0
0.0
9.21405190397813e-05
0.00013816616663463098
0.0
0.00016808529282308054
0.000665929414128599
0.0
0.001124104053955084
0.0
0.0006132471872389435
0.00027642066819543777
0.0
0.0001289023569698242
0.0
0.0
0.00013273742621051264
0.0
0.0
1.4434575114551405e-07
0.0
4.695450066834522e-05
0.0
5.0481272063576034e-05
0.00032324862981476587
1.1030411555803196e-06
5.6305058658130535e-05
9.970936081582105e-06
9.416809362960182e-05
0.0
0.0
0.00036081961256934216
6.191139785950414e-05
1.6543138489755807e-05
0.0002100852491582661
0.00029592910773028114
0.0
0.0
6.477779030055027e-05
0.0
0.00015064722894087305
0.00014003986196541122
0.0
0.0
0.0
0.0
3.140331620323091e-06
2.4481962574703093e-05
0.0
0.0
0.0
0.0
9.962814687738845e-05
0.0003358201382647858
7.867471421765552e-05
0.00012307867952928133
0.00038224089473332004
0.00016090457226461725
0.0005019729886381853
0.0
0.0
0.0012274990382238073
0.0007702816637594897
0.00012619920601270452
0.0
0.0
7.161414388254694e-07
0.0
0.0
0.01156258726064681
0.008011822532712367
0.0006937966281774214
0.00024222677655375103
0.00032190437337847086
0.00038458987009854173
0.0
0.0003562101796425541
1.43963868266177e-06
7.527179196750645e-05
5.496612922871348e-05
1.293714166258302e-05
0.00028884874163801345
1.7698040712482036e-06
0.00021095484888330017
0.0005493222981307702
7.79890945013789e-05
4.720549943889015e-05
3.497314420557328e-05
0.00014237459194342783
0.00041187846740483013
0.0015073991778260132
3.562294409460756e-06
0.003644528904459048
0.0004573870915201984
6.994211174851768e-05
0.0002732713278690348
0.0
2.9726760945822232e-05
0.00023642375631323977
0.0029795405532751537
0.0
3.543919443902947e-05
2.637442006877713e-05
0.00020964943942261357
0.0
0.0
9.369560721191596e-05
0.0001232547559137862
8.742470357563557e-05
6.3827806722219e-05
2.8770492044917832e-05
0.0
0.0
0.0002532893884836239
0.0005780658341701221
0.0007019339476985338
0.0
0.00011850924059368031
0.0
0.0005441799380106113
7.032858687396911e-05
7.446966383906149e-05
0.0
2.0054724233735257e-05
0.0002507454798996102
1.616515950063018e-05
0.0
1.3966285046008003e-05
0.00032962708669533313
0.0010298186878806397
0.0001685452189737042
7.818617416904223e-05
0.0005616348202487414
8.809832858303728e-05
4.37636709750965e-06
0.00020889787445576883
0.0005287534268175638
0.00023074974258677295
0.0009402661124380227
3.261132315064311e-05
0.00017458945818683567
5.005863012058745e-06
0.00032082363786309354
0.0026200572791565376
9.763666695768156e-05
0.00023971653471940786
0.00021632722809143427
0.0004188213499055011
0.0
0.0
6.691116344046868e-05
0.00036084249528906437
0.00028590369670758925
0.0003058371940591932
0.00024021848620741612
0.0020625239336623216
0.00014191466635760032
8.428787525941794e-05
6.692366662335083e-06
0.0
0.0002032051745514512
1.608090175602001e-06
0.0010431577623099234
2.392954814757037e-05
0.0001614901016054696
0.0001965081984429457
0.0004228796475500874
0.00013264290143816528
0.0023892546403163325
0.0
0.0001413215688011389
0.0010104819090123044
0.00011865128006157392
0.0
8.948244557430427e-05
0.00017326680620119656
0.0
0.0028790189788295995
8.185143024439624e-06
4.351053323531829e-05
0.00012575992573096026
0.0007343698507066576
0.0
9.932497679425289e-05
7.138170471216709e-06
0.0
0.0
1.061182983959195e-05
0.0
0.0
0.00010261963692097422
0.00011414884224065892
0.0
0.0010909954414235505
0.001212589685146169
9.665927384366211e-05
0.0003243744142249906
9.681493753560224e-05
0.0009686316844833347
6.93838492227499e-05
0.00020768311235077442
2.3696979987785682e-05
0.00013194613622492015
0.00011092330179769938
0.0007323143343372515
0.00015237352707159272
0.002019810865350402
0.0001311406343401596
0.00042918114141263653
0.0005812128002113819
2.537803724349307e-05
0.0
0.0
0.00010202258786758341
0.00035275863333330854
0.00019966738194837085
0.0
1.3646500326281735e-05
0.00010858171391437409
0.0009486253634705788
0.0
2.7521709934890788e-05
4.8932529781089276e-05
0.000328075781858829
0.0005186221606178795
0.0006238284649269434
7.307273272354341e-05
0.00012677568706886253
5.6091613930122304e-05
0.0
0.00023900697478080972
0.00010496550062659765
6.769269139802813e-05
0.00011671912154981361
1.0930878372129413e-05
0.00014675916004094843
3.639567524789285e-05
0.0005206471179476773
0.0
0.0008272084807313224
0.0
0.0
0.0
3.602440244276112e-06
0.0004895938663443969
0.00013781473349259063
0.00047889713476889244
0.0004921904473987718
0.0
0.00025816727511803963
4.3299445845645505e-05
0.000324047384268093
5.4685868448232885e-05
7.086842660045112e-07
0.00014841024719390816
0.0
0.0
0.00024784414107063997
0.0
8.241858751177683e-07
0.0
0.0002918549513035748
0.0
2.997304864886713e-06
0.0
0.0
0.0
0.0002006556412200592
2.4739252999750214e-05
0.0
0.0
0.0003123893201978935
4.429231234387583e-06
0.0
0.00014838170077001862
0.0
0.0003758362132344559
9.744615372648903e-05
0.0001592347240554422
0.00048122810282360455
0.0
0.0
0.00023635245701357903
0.0
0.0
0.0009055147007779491
0.0
3.420136273910886e-05
0.0
0.0
0.0
0.00024920856089995886
9.219393760099701e-05
0.00024323854704839774
3.6741562665122834e-05
0.0
4.191417858825365e-05
0.00035054815021669255
0.00013599694361742215
4.5511498490680695e-06
2.097046572172542e-05
0.000538200561296006
0.0
0.0003787805259871024
0.0011892595503792875
0.0
0.0
4.7378402040325306e-05
6.2961118231421135e-06
9.327854459359534e-05
4.954885481588897e-05
0.0002506885830098215
0.0
0.0
8.344047496930981e-05
0.0001935920490601003
0.004714826895715726
0.000984033696757297
5.4236862019391917e-05
8.107468709096166e-05
0.00024759608786485536
0.0
0.00021553575234432545
0.0
0.0002577974043262564
0.00010479813326875663
0.005202347375831278
0.0
0.00011641401322476705
0.0
0.0
0.0
0.0
0.0
0.0
0.00012341494439796372
0.0004199733051163835
0.00040773403084420554
0.0
0.0
0.0
0.0002558178292412232
0.0010530060292322895
0.0
0.00018153420873071963
0.0002361208210343405
0.0
0.00015961352364644429
0.0
0.0
0.003459388442377754
0.0
0.0
0.0011365474911452123
0.0004318239377560694
0.00033347087002334535
0.00023305817139277567
0.0016943190127410974
0.00020903373302914207
0.017654409558147836
1.7701364533311513e-06
0.0
0.0
0.0
0.0004153353782432408
0.00030124537984713205
0.0004220718686848868
0.00021278087868956407
0.0
0.00015670764689342868
0.0005108527870446291
0.0
0.0
0.0002370874397369213
0.0008832799596448105
0.00036071697243289936
0.0008937983659737657
0.0001556231424367505
0.0
0.0
0.0011043638126325632
0.0002279659066715938
0.0
0.00018868590181182345
0.00044008495557605306
0.0
0.00015087465436923597
0.0
0.0005791478857373804
0.0
9.861356240129459e-05
0.0
6.260056200955138e-05
0.0011536881888306266
0.0029805538627220977
0.00019959980344531658
0.0003814419872533677
0.0003165690663886856
0.0007847347806778311
0.00018497115384354527
4.8868845306390294e-05
0.0002762877078775952
6.461893720685056e-05
0.00041051637018696185
0.0
0.0007039629533233129
0.0012837936623392471
0.0020099546106467606
0.0005147633210827917
0.0002089388110486319
8.578045595307122e-05
0.00111177752651933
0.00042097370201682667
1.6652089221955472e-07
0.0
0.00019871456433267535
0.0
4.1299916134384275e-05
0.00034141967137180893
4.7440159967667246e-05
0.0007198109648263082
0.00043589146364760766
0.00019306828647438137
0.00035986646901646626
0.0005734243126053584
6.338029334425222e-05
0.0003863969413717277
0.0006835582916224884
0.0010634859984786785
0.0005508096698448734
7.147520290252469e-05
0.0007876998549087665
0.0006978299231693073
0.0018350400116082196
0.0006319764003234158
0.001939714244154923
0.0008917328151574556
0.00024590322387132985
0.00010599365298377652
0.0
0.0002782438101544206
0.0
0.0
5.89906220390334e-05
0.0007113147612447282
0.001529418250703873
0.0001803886714658248
0.0007353177749389566
0.0012536380571800294
0.0003417232119251811
0.00041061818928940383
0.0
0.00016794437406273486
0.000123273460571113
0.0
0.00033214777459744665
0.0009403409095505025
3.351488877123793e-05
0.00039167457418924596
0.0
0.0003576430295858666
0.0004121785847004957
0.00021863341055799066
0.0
8.056389089626606e-05
0.0
0.0
0.0
0.00024919631531580854
0.0001892334736263022
0.0
0.0
0.0
0.0001445052411886601
0.0
4.794157564183929e-05
0.0009093087799308796
0.0
0.0006581941803856269
0.00011397307946161299
0.0
0.0005407643487643132
0.00040538791099939577
0.0
2.3081536991701114e-06
0.0007831235797372838
8.683333422184035e-05
0.0
0.00037691663203095923
0.0006060875241417484
1.4407190595952027e-07
0.0
0.0
0.0009513060925794216
0.00010787580172880045
0.00015700730368023948
5.25435717051103e-05
0.0
1.5182999606769644e-05
0.0002936301185865957
0.0
0.001112838540433172
0.0
0.0
6.992324901884583e-05
0.0
0.0
0.00030873588625258426
0.0
0.0
0.00017330324778640931
0.00022613122638378985
0.0
0.0
0.00023449828264047285
0.00023767991433828835
5.69871296368579e-05
0.0003451876635094964
0.0
0.0006185811806337125
0.0
0.0
7.47793597729566e-05
0.0
8.815741451276934e-05
2.7412252586923014e-05
0.0
0.0
0.0001639915188081977
0.0
0.0
0.0
0.0
0.00031944101809830146
0.0
0.0
0.0
0.0010078220713928877
5.7950193124752815e-05
0.0
0.0
0.0
0.0
0.0
0.0
0.0
0.0012964209284731577
0.0007396282585520053
7.633382716114027e-05
0.0
8.489928438312072e-06
0.0
0.0
9.962941746385566e-05
3.2337749591992477e-06
0.0
9.792719979868542e-05
0.0
0.0
6.737516530083843e-05
0.0
0.00037288575971131756
0.006134997021063534
0.0004881130045243795
0.00024868030398005503
0.0036307516007489105
0.0
0.0005894900315614184
2.825114812148587e-06
0.0
0.0
0.0
0.0
0.0
0.0
0.0
0.00015030114006632733
0.0004758058071832582
4.980257043876991e-05
0.0007340336171855768
1.892641149983407e-05
0.00019176902995471617
0.0027417327708782386
5.480228338420619e-06
0.0
3.6180067778522807e-07
0.001427595315919078
0.00010506996619328108
0.0
0.0007676859361256394
0.0007217686529149985
0.0
0.0
0.0004993856059396723
0.003975640400948056
0.0
0.0007281545644843687
0.0
0.0
0.0008608169218083901
0.0002418461416107122
0.0
0.0015463762237605547
0.0006066766464331594
0.0003529795090817367
9.346271814506848e-05
0.00022165068125563962
4.806735658415955e-05
0.0
0.0
8.965291704481074e-05
0.0
0.0
4.8561403633875975e-05
0.0
0.0006806466773082108
2.8516159236410407e-06
0.0
0.0
0.001083587030559007
0.0015635496427723271
0.0003142590328097674
0.0008949715582966999
0.000468029838196686
6.365697543921175e-05
0.0006685824875115142
7.329054295504717e-05
0.0012046139089961182
0.00011847823592181065
0.00013453956849036539
0.0015190769425880671
0.00020252493950719696
0.0004386253220466946
3.306008682927172e-06
0.00033092616528945746
0.0002927417425221044
0.00012015343981556713
0.0008020382445796642
0.0004253103020197476
4.4217908588835896e-05
0.00012676843176853667
0.0001815516447488083
0.0005185517932405146
0.0003561776197014194
0.0014990565284084048
0.00015767742073756697
0.0007244948879762817
0.0002820043223076996
0.0005998250704198725
0.00046015548520856003
0.0005780829017066
0.0013305543674830003
0.0010515984102371242
0.0002223773429138747
0.0005317672819572951
5.6321286757317014e-05
0.00017910002836015503
0.0004873568989532378
7.031635480270181e-05
0.0
0.0
0.0
0.0
0.00012539482012728732
0.0003753569542859371
0.00027132953884591716
0.0
0.0
0.0
0.0
0.0
0.0013703580806585932
0.0005888129181420747
0.0005418596401293367
0.00027045789782871273
0.0002867817995088656
0.000390771421533643
0.00013200172925989872
0.003185264263709815
0.00035745820636645556
0.0
0.0023148269656585057
6.478435684412064e-05
0.0
0.0
0.0008101175168096129
0.0003327598039786221
9.677543429169602e-05
0.0
0.0010237603350235801
0.0008498036177928036
5.035080714632691e-05
0.0005320311347923848
0.0
0.00019719579213910564
0.0002098975526631363
0.0
0.0
0.0001452658243555183
0.00019548549256145152
1.927610731290307e-06
0.0
0.0
0.0
0.0
0.0
0.0
0.0
0.0
0.0
3.664115103294089e-05
4.70156459039934e-05
0.0058025468349323876
0.0012922595765148103
0.0008637800654992809
0.0009675901054860414
0.0006304981899711095
5.249129562221305e-05
0.0003825789036191049
0.00023402299476117628
0.0003689118929773036
7.272401361555817e-05
8.059426741658087e-05
0.00025172815579714786
0.0
0.002713321641466392
0.0
0.001145179048725763
0.0003366206506414293
0.0004642079460762361
0.00023442612425396205
0.00011295335866633807
0.0030787368231131916
0.0
0.0002254066257049037
0.0003965936502665297
0.00012476000371410128
0.00037801072813403513
0.0006407751753601143
0.000104846984562846
0.0010388867770762013
0.000274690861287464
0.00011026186060244537
0.0
0.0
0.0
0.0
0.0
0.0
0.0033157779405267847
0.0
0.0005663528646558501
0.0
0.0
0.0
0.0
0.0
5.980533690761591e-06
0.00025260044247124434
0.0006008021657381112
0.0
0.0
0.0
0.0
0.0004506915044456257
0.0009337120525921504
0.0006439151345839247
0.0
0.00030244847902981427
0.0
0.0
0.0016232631739727544
0.0
0.0
0.0
1.1861577793565265e-05
0.0
0.0
0.0001844772463507023
0.0
0.0002613166604773347
0.00012797071470020175
0.0
0.00011472624617752595
0.00020184374371546587
0.000576156928573838
0.0
6.318234977196132e-05
1.6622269066505226e-05
0.00016008007489123294
0.0
0.0
0.0
0.0
0.0
0.0
0.000253610170874591
0.0006457456884442311
8.106372696370139e-06
5.655000942658843e-05
0.0
0.0012215374103367888
0.0
0.0
0.0006085138684753773
0.00014744926113665905
0.005438230580659507
1.0271130463759511e-05
0.00030390848840583555
0.00017616619936210113
0.000732055007621773
0.0
0.0003763676101752505
2.7070639446629422e-05
0.0
1.9514232468014934e-05
0.0004495829749868593
0.0023741762239417523
0.0
0.0008146024079284683
0.00014833537891491288
6.303382489137307e-05
0.0
0.00044510721614429607
7.026714337694126e-05
0.0
4.7044311908390526e-05
0.0
0.0
0.0
0.0
0.00022330257576305928
0.0
0.0
0.00011944093100634035
0.0
0.00016652614917844616
0.00043749365591563816
0.00033244731161048414
0.000216524249078895
0.00010725339383571915
0.0
0.0
0.0015026759365289705
0.0
0.0
0.0002864515336654854
0.00032609060409482035
0.0
0.0
0.0
0.0
1.5114512672313736e-07
0.0
0.0
0.0008078676986986506
9.551831570091303e-05
0.0002900942702516253
0.0003645838255366573
4.3282014454586044e-05
0.0027741331334448184
0.0
0.0
0.0
0.0
0.0
6.618548896694022e-05
0.0
0.0
0.00011358545339352448
0.0001131446501180313
1.759592703960269e-05
0.0
0.0006116214045001555
0.0023321343670582107
0.0006743571244752974
0.0014422009626510863
0.000167186457936933
0.00018731290749373058
9.245899661976947e-05
0.0005725794191908374
0.0038565389916017084
0.0
0.00020119014556714825
0.0012648375428046877
0.0
0.0
0.0001554521011245291
0.00024812907854024043
0.0
4.748078037631395e-05
0.0
0.0
0.0
0.0
0.0
0.0
0.0
0.0
0.0
0.0002606188225016261
0.0
0.0
0.0
0.0
0.0
0.0008911175821031375
0.0020887492002894656
0.0
0.0
0.0001584932663464923
4.832170208536393e-05
1.1042016173553752e-06
0.0004986261658875053
4.098626428348927e-05
0.0
4.9319560667461995e-05
0.00010123426638326182
0.0012972726713556821
0.0019470733266680493
0.0
0.0
0.0
1.0796542307121633e-07
8.223563609011164e-05
0.0
3.050613916535184e-06
0.0
0.0
0.0001113305489601278
0.0
0.0
0.0
7.195047964260719e-06
0.0022767315904368
0.000735594040341927
5.2310501564837845e-05
0.0018722168624651975
0.00017902118532941449
0.00027437872891085657
0.0001552299834330101
3.285092575560021e-06
0.00032025527998275365
4.650982567242324e-05
0.0005994849635194055
0.0
0.0
0.0013630278285785555
0.0002356445443832224
0.0018063614981627158
0.00010244349354993486
0.0002514596554999572
0.0
0.0
4.8107451163704864e-05
5.6108857314718313e-05
2.1553182552621967e-05
8.111873781287262e-05
0.0
0.0
4.955549826386908e-07
8.280265226911804e-05
0.0
0.0005155898558966324
0.0001389526416388338
0.0
0.0
0.0
0.0
0.0
1.2112385993608569e-06
0.0
0.00019221914690260942
0.0
0.0
0.0
0.0
0.00015462714469156673
0.0002426475317437152
0.0
0.0
0.0
0.00019748022591823197
0.0
0.0
0.0
0.00022826634553818834
8.268528720219955e-05
0.0003728594452835174
0.0006343798389672643
0.0006792926291829257
2.1839561502717692e-07
0.0007474541636331333
0.0001296949454856277
0.0
3.130770425495729e-05
0.0
0.0
0.0
0.0
0.0
0.0
0.0
4.619370970801301e-05
0.0
0.0
0.0005684224532382661
0.0014867406358775712
0.0002052900362422399
0.0
0.002482058369699248
0.00028585773779848863
0.0
0.000610746251388982
0.0
0.0
3.3630731603949326e-06
0.0
0.0
0.0
0.0
0.00016111037939211186
0.0
0.00011739792909861348
0.0001607924568225386
0.00030780437395788
0.0002743870469315028
0.00030951779932770416
0.00010285280924235387
9.619869987944145e-05
8.114767568464624e-05
0.00030071307527632465
3.989862228080924e-06
0.00016718912287082697
0.0020253917051035186
0.00018927604347841208
5.155331196064555e-05
9.888683360428934e-05
0.0
1.779766694833882e-05
0.0002064678404771845
3.682671259319712e-05
0.0
4.8763815872799164e-05
0.0
0.0008970463761623883
0.0008829985225355879
0.0
1.5747543323610996e-05
4.683437195917311e-07
4.1910894489573033e-07
7.325176975589078e-06
4.0967069611167046e-05
7.817374980204927e-06
0.0
0.00028508034625102715
7.469060325532759e-05
4.6999384444035836e-07
0.00023283252542220359
0.00019028947906582708
0.0
0.0007670526661497992
0.001941122024894164
0.0002346523713466253
0.0027634339670330895
0.0008828987847391524
0.00031132953590447623
0.0006261073449624845
0.0
0.0005973942960902864
0.0
0.0
5.898422586355881e-05
0.0001695662415226299
0.0006678862385392361
0.00036232519097469703
0.0
5.659670864704863e-06
1.5727447987325903e-05
0.0
4.694198156591115e-05
0.00037615387730994155
0.00019839766298997637
2.3468095207481452e-05
0.0
0.0011827444872755874
0.0008236220132568199
0.0
0.0
0.0
7.627625635806166e-05
0.0
4.869468509426587e-05
1.4447945450011316e-06
0.0
0.0
1.4537411252667772e-05
0.0
9.447591864789078e-07
0.0
0.0
0.0
0.0006924932128252604
0.0002968087222579983
0.0
0.0
0.00053539023260906
3.3446460213360765e-06
8.347750067194867e-05
0.0
0.0
0.00024281075022862422
0.0
0.0
0.0
0.0
0.0
0.0
0.000305069773736745
5.8195065556023874e-05
0.0002048227933057047
0.00016937372299713282
0.0002822827681690209
0.0003623580735584328
4.315910911030622e-06
0.0001490563972290847
0.0
0.0002607583982251437
3.4918711135388837e-05
9.182358105058803e-05
0.0
0.00033007213775484377
9.915899549566508e-05
9.033139432466683e-06
0.0002836290035189357
0.00013678667791327452
0.0008623869545141946
0.0002378603487469558
2.9931160286624558e-05
0.00015263019373294013
0.00040035220902045717
0.0002375404974765411
0.0001948757587487992
0.0
1.7007468638932313e-06
0.0
0.0
0.00013239280431885076
0.0
0.0
0.0
0.0005774602436936003
0.0
0.0
2.856467468586183e-05
0.0005528056069271867
0.0
0.0
0.000553157736576597
0.0
0.0
0.0002488616569645885
0.0
0.0
0.0
0.00035069699562633626
0.00022207407747888133
0.0
0.00019676356905502044
0.0005151036912436371
0.0009384062145190056
0.0
0.0
0.0005714729060319185
0.00044636751928288316
0.0
6.68877805518768e-05
0.00014067719165343492
0.0
0.0
0.0
0.0
0.0
0.0
4.609913453361877e-05
2.3212903204364275e-06
0.0
0.0
0.00010596368340305374
0.0
0.00017504750618331573
0.0
0.0
0.0
0.0
0.0
0.00014619896581353621
0.0009640677878478258
0.00033827687625058813
2.7803522995260402e-05
3.0122548944725256e-07
5.5450076754712096e-05
0.00012485073231247674
0.0007432266276266322
0.0003408427257228433
0.0003468151067218831
0.00011395826596646426
0.0
0.0001350738361277402
1.5364752534139686e-05
0.00014155437900523194
0.0001759647085897361
0.00014313837649092216
0.0
0.0
6.807091400733402e-05
3.0491902201005545e-07
0.00032583746429012126
0.0
0.00041491739184294085
1.1649026059284435e-06
0.0
0.0
0.0
0.0
0.00010352488761348752
0.0005108039655403652
0.00014841664489657826
0.00020498553070915978
0.0
8.359488353429156e-05
0.0
0.0
0.0
1.9018411619651814e-06
0.0
0.0
0.0
0.0002093224233308024
0.0002445349472355673
0.0
0.0
0.0
0.0
0.0
0.000512354859646164
0.0006045604286451781
1.990554381888002e-05
1.616838128387043e-07
0.00022548480754760593
0.0
0.0
2.3857522206756724e-05
0.0
0.0
4.764807167233303e-05
2.018658824439538e-05
0.0002602664737255391
0.0
0.0
1.8746148964482883e-05
5.156077138132049e-05
5.299017674419165e-06
0.0
5.666836692613957e-07
0.0
0.0
0.0
0.0
9.616227793494615e-05
0.0001575133095513094
4.656191903445152e-05
8.850793173104414e-05
6.411570151949333e-05
0.0
0.00039510094479961073
0.00029533799591243727
1.3180065002732918e-05
1.2310100292730503e-05
0.0002274874466190849
0.001007701463796147
0.0
0.0
0.0
0.0
0.0
0.0
0.0
7.899120669932866e-06
6.939452713281571e-07
0.0
0.00022904950791839088
0.0003943314065769813
0.0
0.0
0.0
0.0
0.0
0.0
0.0
1.021095630022409e-05
7.505010572428031e-07
0.0
0.001812442640986825
0.0
0.0
0.0
7.358041680342682e-07
0.0
0.0007021521335149588
5.459233857757107e-07
0.00018443919031949828
8.318918688830681e-07
4.382989318329912e-05
0.0
0.0
6.9019909873443026e-06
4.867308327730985e-07
0.0
0.0
3.940364992857124e-06
0.0
0.0
0.0
1.3218210360612042e-05
0.0
0.0
0.0
0.0
0.0
0.0
0.0
0.0
0.0
9.36348258899925e-05
0.0
0.0003287793161655243
0.0006601324326997117
0.00016455153307143327
0.00024305505233621598
0.00010785505860140365
0.0003529835473332885
0.0
0.0
0.0
1.5484232978988174e-06
0.0
0.0
3.2192479210957864e-06
0.00012509997820850155
0.00011967335869409268
0.0
0.0004791602839208665
0.0
0.00017639412884843736
0.0
0.0
0.0
0.0
0.0
9.427531724074093e-05
0.00030122287819249845
0.0
0.0
0.0
0.0
0.0
0.00021415768891879232
0.00025202921232859196
0.0008119864906091502
3.5764347427257846e-05
3.26429402029079e-05
0.0
0.0
5.127288386611474e-07
0.0
0.0
0.0
0.0
0.0
1.6468425686881238e-09
0.0005023369721431152
0.0
0.0
0.0
0.0
0.0
0.0
0.0
1.9445445674846856e-06
0.0
0.0
0.0
0.0
0.0
0.0001444176466594067
0.0
0.0
0.0
0.0
0.0
0.0
0.0
0.0
0.0
5.3664123458559456e-05
4.7424538352936386e-05
5.424936295204005e-07
4.701661770684131e-05
0.0
0.0
3.9293777376632885e-05
0.0
0.0
0.0
0.0
0.0
0.0
0.0
0.0
0.0
0.0004736960376933239
0.0
0.0
0.0
0.0
2.387421863681538e-05
0.0
0.0
0.0
0.0
0.0
0.0
0.0
0.0
0.0
0.0
0.0002287682941171679
0.0008394393092185865
0.0
0.0
0.0
4.500599380302264e-05
0.00018632902353151563
0.0
0.0
6.1571151834608524e-06
0.0
0.0
0.0
0.0
0.0
0.0
0.0002452590451233197
0.0
0.0
0.0
6.602774859697643e-07
0.0
0.0002834417908463741
0.0
0.0
0.0
0.0
0.0
1.0678250382664934e-05
0.0008109887708599096
0.00017830065190399636
0.0
0.0
0.0
0.0
0.0
0.0
0.0
0.0
0.00017087767901705655
0.0
0.00021459771259845983
0.0002651007549823932
0.0
0.0
9.668034400241189e-05
2.7879074592834054e-06
0.0
0.0002892972638412092
0.000683411762647618
0.0006136217791546981
0.0004747097247228704
0.00012996396628415466
0.00010310848332287279
1.720100993579768e-06
0.0
0.0
0.0
1.40626365118775e-07
0.00021530987870239026
5.262762995703468e-05
4.590374632529036e-05
1.4465515033453192e-05
3.7433579147386534e-06
1.1693725706226506e-05
0.0
0.00027237341956304285
3.907863761906386e-07
4.7742661220475405e-05
0.0019620347544282053
0.0
0.0005620542849081568
0.00018991979299598437
0.0
2.2563594194706605e-05
0.00015437253097693595
0.0
0.0
0.0
0.0
0.0
0.0005613715879558956
8.1667056708445e-05
0.0
0.0
0.000994512490454373
9.526087071015429e-05
0.0
0.0
0.0
2.589856627176873e-07
0.00013967102713969594
3.920404874170744e-06
0.00010025792447714371
4.514327243033368e-06
0.0
0.0
0.0
0.0
0.0
0.0
0.0
0.0
0.0
0.0
7.176962324824534e-07
5.137817010797833e-05
0.0
0.0
0.0
0.0
0.0001300157257780368
0.0
0.0
0.0
0.0
4.607500150929816e-05
0.0
0.0
0.0
0.0
0.0
0.0
0.00037032924178720313
9.905507532682364e-05
0.0
0.0
6.517875807422562e-05
6.6870013790217795e-06
0.0
0.0
0.0
0.0
0.0
0.0
0.0
0.0
0.0
0.0
0.0
0.0
0.0
6.349196417268461e-05
0.0
0.0
0.0
0.0
0.0
0.0
0.0
0.0
0.0
0.0
0.0003830696981175782
0.0
0.0
0.0
0.0003718806913149218
3.987982358506778e-06
0.0001665823322728667
0.0
0.00013587341873967936
0.0
0.0
0.0
0.0
0.0
0.0
0.0
0.0
0.0
0.00024923847356570617
4.7920559740179576e-05
0.0
0.0002423836266147693
7.944543463156972e-05
0.0
0.0
0.000666085283883241
0.0
0.0
0.0
0.0
0.0
0.0
0.0
0.0
0.0
0.0
0.0
0.00043003721813439377
0.0003261402113998305
0.00011837638853973053
0.00016081781469258006
0.0004306639627635828
0.0
0.00015363075686624484
0.0
0.0001566748437155703
9.502313392102684e-05
7.242224909005526e-05
7.651614318507202e-05
0.0
9.20996497034997e-05
5.232006559758126e-07
0.0
0.0006097488907975553
4.716526007807554e-05
0.0
0.0
0.0
4.822682659033718e-06
0.0013296358103028546
0.00010214992073564784
0.0
0.0
0.0
0.0
0.0
0.0
0.0
0.0
0.0
0.0
0.0
0.0
0.0
0.0
0.0
0.0
0.0
0.0
0.0
0.0
0.0
0.0
0.0
0.0
0.00011178262502702754
2.470263853032186e-08
0.0
8.235634114664633e-05
0.0
4.646330505669432e-07
0.0
5.091821487550592e-07
3.092268349895422e-05
0.0
0.00024812034474707865
0.00026101444113506034
0.00014922694177893283
0.0
0.0
0.0006926276550573852
0.0
7.140986218510949e-05
0.00028700305494917165
4.677590572573794e-05
6.997271389401573e-05
0.0
9.488134521540137e-05
0.0
0.0
0.0001924051361829158
0.00014376213080189638
0.0
0.0
8.727675530233162e-05
0.0
0.0
0.0
4.9519265406845005e-05
7.64186684652585e-07
4.702077954839112e-05
0.0
4.6408284228524526e-05
2.3874839423692132e-05
0.0
0.0
0.0
0.0
0.0
4.7878728347096595e-05
0.0
0.0
0.0
0.0
0.0
0.0008126593043819645
0.0
0.0
0.0
0.00031524185492959973
0.00016487875919735245
0.0
0.00028078932645880247
0.0
0.0002897678156321424
0.0
0.0003962830435256711
7.763647215300494e-07
4.619527526792074e-05
0.0
0.0
0.0
0.0
0.0
0.0
0.0
0.0
7.086201571724355e-06
0.0
0.0
0.0009952286108444082
0.0
0.0
5.560744393203273e-05
0.00022580869793624212
0.00011443371445217047
0.0
0.0
0.0
4.421253273241527e-05
0.00018777527716164812
0.00013988386005884122
0.0
0.0
0.0
0.0
0.0
2.2843887665320436e-06
0.0
0.0
0.0
0.0
0.0
0.0
0.0
0.0
0.0
0.0
0.0
0.0
0.0
0.0
0.0
0.0
0.0
0.0
0.0
0.0
0.0
0.0
0.0
0.0
0.0
0.0
0.0
0.0
0.0
0.0
0.0
0.0
0.0
0.0
0.0
0.0
0.0
0.0
0.0
0.0
3.917973427894127e-05
0.0
0.0
0.0
0.0
0.0
0.0
0.0
0.0
0.0
0.0
0.0
0.0
0.0
0.0
0.0
0.0
0.0
0.0
0.0
0.0
0.00022640794378367342
0.0
0.00024551223354953933
5.445978460859185e-05
0.0
0.0
0.0
0.0
0.0
0.0
0.0
0.0
2.4502959405011883e-06
0.0
0.0
0.0
0.0
0.0
0.0
0.0
0.00014100927320882152
0.0
0.0
0.0
0.0
0.0
0.0
0.0
0.0
0.0
0.0
0.0
0.00030606921844790735
0.0003818666010143886
4.7432459314801955e-05
0.0
0.0
0.0
0.0
0.0
0.0
0.0
0.0
0.0
0.0
0.0
0.0
0.0
0.0
0.0
0.0
0.0
0.0
0.0
0.0
0.0
0.0
0.0
0.0
0.0
0.0
0.0
0.0
0.0
0.0
0.0
0.00022660848284479434
2.7992174731366846e-05
0.0
0.0
0.0
0.0
0.0
0.0
0.0
0.0
0.0
0.0
0.0
0.0
2.3628741076734162e-06
0.0
0.0
0.0
0.0
0.0
0.0
0.0
5.14284184322019e-05
0.00017770199754321743
0.0
0.0
0.0
0.0
0.0
0.0
0.0
0.0
0.0
0.0
0.0
0.0
0.0
0.0
0.0
0.0
0.0
0.0
0.0
0.0
0.0
9.341758233144117e-05
0.0
0.0
0.0
0.0
0.0
0.0
0.0
0.0
0.0
0.0
0.0
0.0
3.274429747342356e-08
1.2903173533728338e-05
0.0
0.0
0.0
0.00010584070237222154
0.0
2.102485903185054e-06
0.0
0.0
0.0005618171957923376
0.0
0.0
0.0
0.0
0.0
0.0
0.0
0.0002903721806517125
0.00012641767529435804
4.765070003376689e-05
2.5721716116073202e-05
0.00023582574637519282
4.432278023625132e-05
2.318020814596384e-06
9.692331320738579e-05
0.00013932460741699536
0.001193477862429777
0.0
0.00024876571484312276
9.953836969354023e-06
0.0001477866349348832
9.51329893688719e-05
2.710080393783734e-07
0.00017773222105408126
0.0
0.0
0.0
0.0
0.0002664241558675506
0.00035270278550638947
0.0
5.098826236561892e-05
4.860371076774332e-05
0.0
6.05366766894844e-07
0.0
1.5040891281780908e-05
0.0
0.0
2.1213619449022674e-05
0.0
0.0
0.0
0.0
1.4401579416126754e-06
0.0
0.0
7.96989524246284e-08
0.0
0.0006257131400846409
0.0
0.0
0.0
0.0
6.46019561198188e-05
0.0
1.7528200058779322e-05
0.0
0.00010220296690471387
0.00012010935592516284
0.0
0.0
0.0
0.0
0.0
0.0
0.0
0.0
0.00010246789093092571
0.0
0.0
0.0
0.00039413732564767037
0.0039883557349069745
0.00024283198780123704
9.296862423428818e-05
2.0774121722242466e-07
0.0
3.0325236602660893e-05
0.00042464036523260967
0.000488902896422316
0.0
1.0615256115023359e-05
0.0
0.0
0.00030913845584248754
0.00014028375856887216
0.0
0.0
0.0
0.00031952191452732775
0.00010315806526857256
3.7002803330692895e-07
2.3813714263301422e-05
0.0
0.0
0.0002873738204099404
0.0
0.00045000234464226993
0.0
0.0
0.0
0.0
0.0
0.0
0.0
0.0
0.0
0.0
0.0
1.7445798214253402e-05
1.823589814502481e-05
1.985750505461072e-05
0.0
0.0
0.0
0.0
7.379214788971907e-05
0.0
0.0
0.0
0.0
0.0
0.0
0.0
0.0
0.0
0.0
0.0
0.0
0.0
0.0
0.0
0.0
0.0
0.0
0.0
0.0
0.0
0.0
6.552533085854907e-07
0.0
0.0
6.24884321942199e-07
0.0
1.8918050874337355e-07
0.0
0.0
0.0
0.0
0.0
0.0
0.0
0.0
0.0
0.0
0.0
0.0
0.0
0.0
0.0
0.0
0.0
0.0
0.0
0.0
0.0
0.0
1.2001852865370141e-05
2.808116266245176e-06
0.0
0.0
8.233652922021487e-07
0.0
0.0
0.0
0.0
0.0
0.0
0.0
0.0
0.0
0.0
0.0
0.0
0.0
0.0
0.0
1.754771932394989e-05
0.0
0.0
0.0
0.0
0.0
0.0
0.0
0.0
0.0
0.0
0.0
0.0
0.0
0.0
0.0
0.0
6.690963971572605e-07
0.0
0.0
0.0
0.0
0.0
0.0
0.0
0.0
0.0
0.0
0.0
0.0
0.0
0.0
0.0
0.0
0.0
0.0
0.0
1.7273584880048345e-07
4.959702098151681e-05
0.0
0.0
0.0
0.0
0.0
0.0
0.0
0.0
0.0
0.0
0.0
0.0
0.0
0.0
0.0
0.0
0.0
0.0
0.0
0.0
0.0001242259213766835
1.5517315718813924e-06
1.1196072486104466e-06
0.0
0.0
0.0
0.0
0.0
0.0
0.0
0.0
8.36285539925967e-08
7.78528234304438e-06
0.0
6.800990328126796e-07
0.0
0.0
0.0
0.0
0.0
0.0
0.0
0.0
0.0
0.0
1.6678536871325488e-05
0.0
0.0
0.0
0.0
0.0
0.0
0.0
0.0
0.0
0.0
0.0
0.0
0.0
8.944521373817634e-05
9.1097639066006e-05
0.0
2.079022911405144e-06
0.0
0.0
0.0
0.0
0.0
0.0
0.0
0.0
0.0
0.0
8.642469757474691e-06
0.0
0.0
0.0
0.0
0.0
0.0
0.0
0.0
0.0
0.00016159527767962444
4.754960319263606e-05
0.0
0.0
0.0
0.0
0.0
0.0
0.0
0.0
0.0
0.0
0.0
0.0
0.0
0.0
0.0
0.0
0.0
0.0
0.0
0.0
0.0
0.0
0.0
0.0
0.0
1.3370450799581558e-06
0.00019640717784147706
0.0
2.7330476437615757e-05
1.031461881831095e-07
0.0
0.0
0.0
0.0
0.0
0.0
0.0
0.0
0.0
0.0
0.0
0.0
0.0
0.0
0.0
0.0
0.0
0.0
0.0
0.0
7.188953715366487e-05
0.0
0.0
0.0
0.0
1.4597084243043674e-06
1.2558794287727526e-06
0.0
0.0
0.0
0.0
3.808581743393698e-07
0.0
0.0
0.0
0.0
0.0
0.0
4.5775795338925397e-05
1.7874232596121022e-07
0.0
0.0
0.0
0.0
0.0
0.0
0.0
0.0
0.0
0.0
0.0
0.0
0.0
2.959713189731212e-05
0.0
0.0
9.519728610751026e-05
0.0
0.0
0.0
0.0
0.0
0.0
0.0
0.0
0.0
0.0
0.0
0.0
0.0
0.0
0.0
0.0
0.0
0.0
0.0
0.0
0.0
0.0
0.0
0.0
0.0
0.0
0.0
0.0
0.0
0.0
0.0
0.0
0.0
0.0
0.0
0.0
0.0
0.0
0.0
0.0
0.0
0.0
0.0
0.0
0.0
0.0
0.0
0.0
0.0
0.0
0.0
0.0
0.0
0.0
0.0
1.7490888837325638e-07
0.0
0.0
0.0
0.0
0.0
0.0
0.0
0.0
0.0
0.0
0.0
0.0
0.0
0.0
0.0
0.0
0.0
0.0
0.0
0.0
0.0
0.0
0.0
0.0
0.0
0.0
0.0
0.0
0.0
0.0
0.0
0.00018100249583993997
4.2617506542033615e-05
3.70994517436552e-06
0.0
0.0
0.0
0.0
0.0
0.0
0.0
0.0
0.0
0.0
0.0
0.0
0.0
0.0
0.0
0.0
0.0
0.0
0.0
0.0
0.0
0.0
0.0
0.0
0.0
0.0
0.0
0.0
0.0
0.0
0.0
0.0
0.0
0.0
0.0
0.0
0.0
0.0
0.0
0.0
0.0
0.0
0.0
0.0
0.0
0.0
0.0
0.0
2.2108339767347743e-05
0.0
0.0
0.0
0.00010403666986416245
0.0
0.0
0.0
0.0
0.0
0.0
0.0
0.0
0.0
0.0
0.0
0.0
0.0
0.0
0.0
0.0
0.0
0.0
0.0
0.0
0.0
0.0
0.0
0.0
0.0
0.0
0.0
0.0
0.0
0.0
0.0
0.0
0.0
0.0
0.0
0.0
0.0
0.0
0.0
0.0
0.0
0.0
0.0
0.0
0.0
0.0
0.0
0.0
0.0
0.0
0.0
0.0
0.0
0.0
0.0
0.0
0.0
0.0
0.0
0.0
0.0
0.0
1.2975804411181326e-07
0.0
7.747870132173542e-08
0.0
0.0
0.0
0.0
0.0
0.0
0.0
0.0
0.0
0.0
0.0
0.0
0.0
0.0
0.0
4.474575358742539e-05
0.0
0.0
0.0
0.0
0.0
0.0
0.0
6.851249125177202e-06
0.0
0.0
0.0
0.0
0.0
0.0
0.0
0.0
0.0
0.0
0.0
0.0
0.0
0.0
0.0
0.0
0.0
0.0
8.202630718505828e-06
0.0
3.3502563329819436e-06
0.0
2.2714828151304327e-06
0.0
0.0
0.0
0.0
0.0
0.0
0.0
0.0
0.0
0.0
0.0
0.0
0.0
0.0
0.0
0.0
0.0
0.0
0.0
0.0
0.0
0.0
0.0
0.0
0.0
0.0
0.0
0.0
0.0
0.0
0.0
0.0
0.0
0.0
0.0
0.0
0.0
0.0
0.0
0.0
0.0
0.0
0.0
0.0
0.0
0.0
0.0
0.0
0.0
0.0
0.0
0.0
0.0
0.0
0.0
0.0
0.0
0.0
0.0
0.0
0.0
0.0
0.0
0.0
0.0
0.0
0.0
0.0
0.0
0.0
0.0
0.0
0.0
0.0
0.0003317214214509918
0.0
0.0
0.0
0.0
0.0
0.0
0.0
0.0
0.0
0.0
0.0
0.0
0.0
3.6635674469957633e-06
0.0
0.0
0.0
0.0
0.0
0.0
0.0
0.0
0.0
0.0
0.0
0.0
0.0
0.0
0.0
0.0
0.0
0.0
0.0
0.0
0.0
0.0
0.0
0.0
0.0
0.0
0.0
0.0
0.0
0.0
0.0
0.0
0.0
0.0
0.0
0.0
0.0
0.0
0.0
0.0
0.0
0.0
0.0
0.0
0.0
0.0
0.0
4.758763250452506e-07
0.0
0.0
0.0
0.0
0.0
0.0
0.0
0.0
0.0
0.0
0.0
0.0
0.0
0.0
3.034010875749848e-07
0.0
0.0
0.0
0.0
0.0
4.638215587224333e-05
0.0
2.7112229803016233e-06
0.0
0.0
0.0
0.0
0.0
0.0
0.0
0.0
0.0
0.0
0.0
0.0
0.0
0.0
0.0
0.0
0.0
0.0
0.0
0.0
0.0
0.0
0.0
0.0
0.0
0.0
0.0
0.0
0.0
5.162991571671004e-07
0.0
0.0
0.0
0.0
0.0
0.0
0.0
0.0
0.0
0.0
0.0
0.0
0.0
0.0
0.0
0.0
0.0
0.0
0.0
0.0
0.0
0.0
0.0
0.0
0.0
0.0
0.0
0.0
0.0
0.0
0.0
0.0
0.0
0.0
0.0
0.0
0.0
0.0
0.0
0.0
0.0
0.0
0.0
0.0
0.0
0.0
0.0
0.0
0.0
0.0
0.0
0.0
0.0
0.0
0.0
0.0
0.0
0.0
0.0
0.0
0.0
0.0
0.0
0.0
0.0
0.0
0.0
0.0
0.0
0.0
0.0
0.0
0.0
0.0
0.0
0.0
0.0
0.0
0.0
0.0
0.0
0.0
0.0
0.0
0.0
0.0
0.0
0.0
0.0
0.0
0.0
0.0
0.0
0.0
0.0
0.0
0.0
0.0
0.0
0.0
0.0
0.0
0.0
0.0
0.0
0.0
0.0
0.0
0.0
0.0
0.0
0.0
0.0
0.0
0.0
0.0
0.0
0.0
0.0
0.0
0.0
0.0
0.0
0.0
0.0
0.0
0.0
0.0
6.65220430657781e-07
0.0
0.0
0.0
0.0
0.0
0.0
0.0
0.0
0.0
0.0
0.0
0.0
0.0
0.0
0.0
0.0
0.0
0.0
0.0
0.0
0.0
0.0
0.0
0.0
0.0
0.0
0.0
0.0
0.0
0.0
0.0
0.0
0.0
0.0
0.0
0.0
0.0
0.0
0.0
0.0
0.0
0.0
0.0
0.0
0.0
0.0
0.0
5.244362076722823e-05
0.0
0.0
0.0
0.0
0.0
0.0
0.0
0.0
0.0
0.0
0.0
0.0
0.0
0.0
0.0
0.0
0.0
0.0
0.0
0.0
0.0
0.0
0.0
0.0
0.0
0.0
0.0
0.0
0.0
0.0
0.0
0.0
0.0
0.0
0.0
0.0
0.0
0.0
0.0
0.0
0.0
0.0
0.0
0.0
0.0
0.0
0.0
0.0
0.0
0.0
0.0
0.0
0.0
0.0
0.0
0.0
0.0
0.0
0.0
0.0
0.0
0.0
0.0
0.0
0.0
0.0
0.0
0.0
0.0
0.0
0.0
0.0
0.0
0.0
0.0
0.0
0.0
0.0
0.0
0.0
0.0
0.0
0.0
0.0
0.0
0.0
0.0
0.0
9.556568234119209e-06
0.0
0.0
0.0
0.0
0.0
0.0
0.0
7.505340563986977e-06
0.0
0.0
0.0
0.0
0.0
0.0
0.0
0.0
0.0
0.00011150562903912997
0.0
0.0
0.0
0.0
0.0
0.0
0.0
0.0
0.0
0.0
0.0
0.0
0.0
0.0
0.0
0.0
0.0
0.0
0.0
0.0
0.0
0.0
0.0
0.0
0.0
0.0
0.0
0.0
0.0
1.2469647361810525e-05
0.0
0.0
0.0
0.0
0.0
0.0
0.0
0.0
0.0
0.0
0.0
0.0
4.576904866898032e-05
0.0
0.0
0.0
4.8282813316807724e-05
0.0
0.0
0.0
0.0
0.0
0.0
0.0
5.2873238160178475e-05
0.0
0.0
0.0
0.0
0.0
0.0
0.0
0.0
0.0
0.0
0.0
0.0
0.0
0.0
0.0
0.0
0.0
0.0
0.0
0.0
0.0
0.0
0.0
0.0
0.0
0.0
0.0
0.0
0.0
0.0
0.0
0.0
0.0
0.0
0.0
0.0
0.0
0.0
0.0
0.0
0.0
0.0
0.0
0.0
0.0
0.0
0.0
0.0
0.0
0.0
0.0
0.0
0.0
0.0
0.0
0.0
0.0
0.0
0.0
0.0
0.0
0.0
0.0
0.0
0.0
0.0
0.0
0.0
0.0
0.0
0.0
0.0
0.0
0.0
0.0
0.0
0.0
0.0
0.0
0.0
0.0
0.0
0.0
0.0
0.0
0.0
0.0
0.0
0.0
0.0
0.0
0.0
0.0
0.0
0.0
0.0
0.0
0.0
0.0
0.0
0.0
0.0
0.0
0.0
0.0
0.0
0.0
0.0
0.0
0.0
0.0
0.0
0.0
0.0
0.0
0.0
0.0
0.0
0.0
0.0
0.0
0.0
0.0
0.0
0.0
0.0
0.0
0.0
0.0
0.0
0.0
0.0
0.0
0.0
9.48313463187961e-05
0.0
0.0
0.0
0.0
4.2513956697420284e-07
0.0
0.0
0.0
0.0
2.1586347416352538e-07
0.0
0.0
0.0
1.6941552240081886e-05
0.0
0.0
0.0
0.0
0.0
0.0
0.0
0.0
2.4428164768873837e-08
0.0
0.0
0.0
0.0
0.0
0.0
0.0
7.070179767857735e-05
0.0
0.0
0.0
0.0
0.0
0.0
0.0
0.0
0.0
4.288601906661201e-05
0.0
0.0
0.0
0.0
0.0
0.0
0.0
0.0
0.0
0.0
0.0
0.0
0.0
0.0
0.0
0.0
0.0
0.0
0.0
0.0
0.0
0.0
0.0
0.0
0.0
0.0
0.0
0.0
0.0
0.0
0.0
0.0
0.0
0.0
0.0
0.0
0.0
0.0
0.0
0.0
0.0
0.0
0.0
0.0
0.0
0.0
0.0
0.0
0.0
0.0
0.0
0.0
0.0
0.0
0.0
0.0
0.0
0.0
0.0
0.0
0.0
0.0
0.0
0.0
0.0
0.0
0.0
0.0
0.0
0.0
0.0
0.0
0.0
0.0
0.0
0.0
0.0
0.0
0.0
0.0
0.0
0.0
0.0
0.0
0.0
0.0
0.0
0.0
0.0
0.0
0.0
0.0
0.0
0.0
0.0
0.0
0.0
0.0
0.0
0.0
0.0
0.0
0.0
0.0
0.0
0.0
0.0
0.0
0.0
0.0
0.0
0.0
0.0
0.00010195482986297422
0.0
0.0
0.0
0.0
0.0
0.0
0.0
0.0
0.0
0.0
0.0
0.0
2.618944773164172e-05
0.0
0.0
0.0
0.0
0.0
0.0
0.0
0.0
0.0
0.0
0.0
0.0
0.0
0.0
0.0
0.0
0.0
0.0
0.0
0.0
0.0
0.0
0.0
0.0
0.0
0.0
0.0
0.0
0.0
0.0
0.0
0.0
0.0
0.0
0.0
0.0
0.0
0.0
0.0
0.0
7.542002964552176e-07
0.0
0.0
0.0
0.0
0.0
0.0
0.0
0.0
0.0
0.0
0.0
0.0
0.0
0.0
0.0
0.0
0.0
0.0
0.0
0.0
0.0
0.0
0.0
0.0
0.0
0.0
0.0
0.0
0.0
0.0
0.0
0.0
0.0
0.0
0.0
0.0
0.0
0.0
0.0
0.0
0.0
0.0
0.0
0.0
0.0
0.0
0.0
0.0
0.0
0.0
0.0
0.0
0.0
0.0
0.0
0.0
0.0
0.0
7.409338746956584e-07
1.2898608921493919e-05
0.0
5.498197093394248e-06
0.0
9.527841824520341e-07
0.00010206252206078712
0.0
0.0
0.0
0.0
0.0
0.0
0.0
0.0
0.0
0.0
0.0
0.0
0.0
0.0
0.0
0.0
0.0
0.0
0.0
0.0
0.0
0.0
0.0
0.0
0.0
0.0
0.0
0.0
0.0
0.0
0.0
0.0
0.0
0.0
6.255497136534076e-08
0.0
0.0
0.0
0.0
0.0
0.0
0.0
0.0
0.0
0.0
0.0
0.0
0.0
0.0
0.0
0.0
0.0
0.0
0.0
0.0
0.0
0.0
0.0
0.0
0.0
0.0
0.0
0.0
0.0
0.0
0.0
0.0
0.0
0.0
0.0
0.0
0.0
0.0
0.0
0.0
0.0
0.0
0.0
0.0
0.0
0.0
0.0
0.0
0.0
0.0
0.0
0.0
0.0
0.0
0.0
0.0
0.0
0.0
0.0
0.0
0.0
0.0
0.0
0.0
0.0
0.0
0.0
0.0
0.0
0.0
0.0
0.0
0.0
0.0
0.0
0.0
0.0
0.0
0.0
0.0
0.0
0.0
0.0
0.0
0.0
0.0
0.0
0.0
0.0
0.0
0.0
0.0
0.0
0.0
0.0
0.0
0.0
0.0
0.0
0.0
0.0
0.0
0.0
0.0
0.0
0.0
0.0
0.0
0.0
0.0
0.0
0.0
0.0
0.0
0.0
0.0
0.0
0.0
0.0
0.0
0.0
0.0
0.0
0.0
0.0
0.0
0.0
0.0
0.0
0.0
0.0
0.0
0.0
0.0
0.0
0.0
0.0
0.0
0.0
0.0
0.0
0.0
0.0
0.0
0.0
0.0
0.0
0.0
0.0
0.0
0.0
0.0
0.0
0.0
0.0
0.0
0.0
0.0
0.0
0.0
0.0
0.0
0.0
0.0
0.0
0.0
0.0
0.0
0.0
0.0
0.0
0.0
0.0
0.0
0.0
0.0
0.0
0.0
0.0
0.0
0.0
0.0
0.0
0.0
0.0
0.0
0.0
0.0
0.0
0.0
0.0
0.0
0.0
0.0
0.0
0.0
0.0
0.0
0.0
0.0
0.0
0.0
0.0
0.0
0.0
0.0
0.0
0.0
0.0
0.0
0.0
0.0
0.0
0.0
0.0
0.0
0.0
0.0
0.0
0.0
0.0
0.0
0.0
0.0
0.0
0.0
0.0
0.0
0.0
0.0
0.0
0.0
0.0
0.0
0.0
0.0
0.0
0.0
0.0
0.0
0.0
0.0
0.0
0.0
0.0
0.0
0.0
0.0
0.0
0.0
0.0
0.0
0.0
0.0
0.0
0.0
0.0
0.0
0.0
0.0
0.0
0.0
0.0
0.0
0.0
0.0
0.0
0.0
0.0
0.0
0.0
0.0
2.9698221224356007e-07
0.0
0.0
0.0
0.0
0.0
0.0
0.0
0.0
0.0
0.0
0.0
0.0
0.0
0.0
0.0
0.0
0.0
0.0
0.0
0.0
0.0
0.0
0.0
0.0
0.0
1.6790279881056003e-07
0.0
0.0
0.0
0.0
0.0
3.515928490309164e-07
0.0
0.0
0.0
0.0
0.0
0.0
0.0
0.0
0.0
0.0
0.0
0.0
0.0
0.0
0.0
0.0
0.0
0.0
0.0
0.0
0.0
0.0
0.0
0.0
0.0
0.0
0.0
0.0
0.0
0.0
0.0
0.0
0.0
0.0
0.0
0.0
0.0
0.0
0.0
0.0
0.0
0.0
0.0
0.0
0.0
0.0
0.0
0.0
0.0
0.0
0.0
0.0
0.0
0.0
0.0
0.0
0.0
0.0
0.0
0.0
0.0
0.0
0.0
0.0
0.0
0.0
0.0
0.0
0.0
0.0
0.0
0.0
0.0
0.0
0.0
0.0
0.0
0.0
0.0
0.0
0.0
0.0
0.0
0.0
0.0
0.0
0.0
0.0
0.0
0.0
4.5769048668980347e-05
0.0
0.0
0.0
0.0
0.0
0.0
0.0
0.0
0.0
0.0
0.0
0.0
0.0
0.0
0.0
0.0
0.0
0.0
0.0
0.0
0.0
0.0
0.0
0.0
0.0
0.0
0.0
0.0
0.0
0.0
0.0
0.0
0.0
0.0
0.0
0.0
0.0
0.0
0.0
0.0
0.0
0.0
0.0
0.0
0.0
0.0
0.0
0.0
0.0
0.0
0.0
0.0
0.0
0.0
0.0
0.0
0.0
0.0
0.0
0.0
0.0
0.0
0.0
0.0
0.0
0.0
0.0
0.0
0.0
0.0
3.1952553953077655e-08
0.0
4.5234280670746765e-07
0.0
0.0
0.0
0.0
0.0
0.0
0.0
0.0
0.0
0.0
0.0
0.0
0.0
0.0
0.0
0.0
0.0
0.0
0.0
0.0
0.0
0.0
0.0
0.0
0.0
0.0
0.0
0.0
0.0
0.0
0.0
0.0
0.0
0.0
0.0
0.0
0.0
0.0
0.0
0.0
0.0
0.0
0.0
0.0
0.0
0.0
0.0
0.0
0.0
0.0
0.0
0.0
0.0
0.0
0.0
0.0
0.0
0.0
0.0
0.0
0.0
0.0
0.0
0.0
0.0
0.0
0.0
0.0
0.0
0.0
0.0
0.0
0.0
0.0
0.0
0.0
0.0
0.0
0.0
0.0
0.0
0.0
0.0
0.0
0.0
0.0
0.0
0.0
0.0
0.0
0.0
0.0
0.0
0.0
0.0
0.0
0.0
0.0
0.0
0.0
0.0
0.0
0.0
0.0
0.0
0.0
0.0
0.0
0.0
0.0
0.0
0.0
0.0
0.0
0.0
0.0
0.0
0.0
0.0
0.0
0.0
0.0
0.0
0.0
0.0
0.0
0.0
0.0
0.0
0.0
0.0
0.0
0.0
0.0
0.0
0.0
0.0
0.0
0.0
0.0
0.0
0.0
0.0
0.0
0.0
0.0
0.0
0.0
0.0
0.0
0.0
0.0
0.0
0.0
0.0
0.0
0.0
0.0
0.0
0.0
0.0
0.0
0.0
0.0
0.0
0.0
0.0
6.616533829659501e-08
2.977032010714703e-05
0.0
0.0
0.0
0.0
0.0
0.0
0.0
0.0
0.0
0.0
0.0
0.0
0.0
0.0
0.0
0.0
0.0
0.0
0.0
0.0
0.0
0.0
0.0
0.0
0.0
0.0
0.0
0.0
0.0
0.0
0.0
0.0
0.0
0.0
0.0
0.0
0.0
0.0
0.00013764656815415656
0.0
0.0
0.0
0.0
0.0
0.0
0.0
0.0
0.0
0.0
0.0
0.0
0.0
0.0
0.0
0.0
0.0
0.0
0.0
0.0
0.0
0.0
0.0
0.0
0.0
0.0
0.0
0.0
0.0
0.0
0.0
0.0
0.0
0.0
0.0
0.0
0.0
0.0
0.0
0.0
0.0
0.0
0.0
0.0
0.0
0.0
0.0
0.0
0.0
0.0
0.0
0.0
0.0
0.0
0.0
0.0
0.0
0.0
0.0
0.0
0.0
0.0
0.0
0.0
0.0
0.0
0.0
0.0
0.0
0.0
0.0
0.0
0.0
0.0
0.0
0.0
0.0
0.0
0.0
0.0
0.0
0.0
0.0
0.0
0.0
0.0
0.0
0.0
0.0
0.0
0.0
0.0
0.0
0.0
0.0
0.0
0.0
0.0
0.0
0.0
0.0
0.0
0.0
0.0
0.0
0.0
0.0
0.0
0.0
0.0
0.0
0.0
0.0
0.0
0.0
0.0
0.0
0.0
0.0
0.0
0.0
0.0
0.0
0.0
0.0
0.0
0.0
0.0
0.0
0.0
0.0
0.0
0.0
0.0
0.0
0.0
0.0
0.0
0.0
0.0
0.0
0.0
0.0
0.0
0.0
0.0
0.0
0.0
0.0
0.0
0.0
0.0
0.0
0.0
0.0
0.0
0.0
0.0
0.0
0.0
0.0
0.0
0.0
0.0
0.0
0.0
0.0
0.0
0.0
0.0
0.0
0.0
0.0
0.0
0.0
0.0
0.0
0.0
0.0
0.0
0.0
0.0
0.0
0.0
0.0
0.0
0.0
0.0
0.0
0.0
0.0
0.0
0.0
0.0
0.0
0.0
0.0
0.0
0.0
0.0
0.0
0.0
0.0
0.0
0.0
0.0
0.0
0.0
0.0
0.0
0.0
0.0
0.0
0.0
0.0
0.0
0.0
0.0
0.0
0.0
0.0
0.0
0.0
0.0
0.0
0.0
0.0
0.0
0.0
0.0
0.0
0.0
0.0
0.0
0.0
0.0
0.0
0.0
0.0
0.0
0.0
0.0
0.0
0.0
0.0
0.0
0.0
0.0
0.0
0.0
0.0
0.0
0.0
0.0
0.0
0.0
0.0
0.0
0.0
0.0
0.0
0.0
0.0
0.0
0.0
0.0
0.0
0.0
0.0
0.0
0.0
0.0
0.0
0.0
0.0
0.0
0.0
0.0
0.0
0.0
0.0
0.0
0.0
0.0
0.0
0.0
0.0
0.0
0.0
0.0
0.0
0.0
0.0
0.0
0.0
0.0
0.0
0.0
0.0
0.0
0.0
0.0
0.0
0.0
0.0
0.0
0.0
0.0
0.0
0.0
0.0
0.0
0.0
0.0
0.0
0.0
0.0
0.0
0.0
0.0
0.0
0.0
0.0
0.0
0.0
0.0
0.0
0.0
0.0
0.0
0.0
0.0
0.0
0.0
0.0
0.0
0.0
0.0
0.0
0.0
0.0
0.0
0.0
0.0
0.0
0.0
0.0
0.0
0.0
0.0
0.0
0.0
0.0
0.0
0.0
0.0
0.0
0.0
0.0
0.0
0.0
0.0
0.0
0.0
0.0
0.0
0.0
0.0
0.0
0.0
0.0
0.0
0.0
0.0
0.0
0.0
0.0
0.0
0.0
0.0
0.0
0.0
0.0
0.0
0.0
0.0
0.0
0.0
0.0
0.0
0.0
0.0
0.0
0.0
0.0
0.0
0.0
0.0
0.0
0.0
0.0
0.0
0.0
0.0
0.0
0.0
0.0
0.0
0.0
0.0
0.0
0.0
0.0
0.0
0.0
0.0
0.0
0.0
0.0
0.0
0.0
0.0
0.0
0.0
0.0
0.0
0.0
0.0
0.0
0.0
0.0
0.0
0.0
0.0
0.0
0.0
0.0
0.0
0.0
0.0
0.0
0.0
0.0
0.0
0.0
0.0
0.0
0.0
0.0
0.0
0.0
0.0
0.0
0.0
0.0
0.0
0.0
0.0
0.0
0.0
0.0
0.0
0.0
0.0
0.0
0.0
0.0
0.0
0.0
0.0
0.0
0.0
0.0
0.0
0.0
0.0
0.0
0.0
0.0
0.0
0.0
0.0
0.0
0.0
0.0
0.0
0.0
0.0
0.0
0.0
0.0
0.0
0.0
0.0
0.0
0.0
0.0
0.0
0.0
0.0
0.0
0.0
0.0
0.0
0.0
0.0
0.0
0.0
0.0
0.0
0.0
0.0
0.0
0.0
0.0
0.0
0.0
0.0
0.0
0.0
0.0
0.0
0.0
0.0
0.0
0.0
0.0
0.0
0.0
0.0
0.0
0.0
0.0
0.0
0.0
0.0
0.0
0.0
0.0
0.0
0.0
0.0
0.0
0.0
0.0
0.0
0.0
0.0
0.0
0.0
0.0
0.0
0.0
0.0
0.0
0.0
0.0
0.0
0.0
0.0
0.0
0.0
0.0
0.0
0.0
0.0
0.0
0.0
0.0
0.0
0.0
0.0
0.0
0.0
0.0
0.0
0.0
0.0
0.0
0.0
0.0
0.0
0.0
0.0
0.0
0.0
0.0
0.0
0.0
0.0
0.0
8.084478929386384e-07
0.0
0.0
0.0
0.0
0.0
0.0
0.0
0.0
0.0
0.0
0.0
3.270419498218298e-07
0.0
0.0
0.0
0.0
0.0
0.0
0.0
0.0
0.0
0.0
0.0
0.0
0.0
0.0
0.0
0.0
0.0
0.0
0.0
0.0
0.0
0.0
0.0
0.0
0.0
0.0
0.0
0.0
0.0
0.0
0.0
0.0
0.0
0.0
0.0
0.0
0.0
0.0
0.0
0.0
0.0
0.0
0.0
0.0
0.0
0.0
0.0
0.0
0.0
0.0
0.0
0.0
0.0
0.0
0.0
0.0
0.0
0.0
0.0
0.0
0.0
0.0
0.0
0.0
0.0
0.0
0.0
0.0
0.0
0.0
0.0
0.0
0.0
0.0
6.198007965873932e-07
0.0
0.0
0.0
0.0
0.0
0.0
0.0
0.0
0.0
0.0
0.0
0.0
0.0
0.0
0.0
0.0
0.0
0.0
0.0
0.0
0.0
0.0
0.0
0.0
0.0
0.0
0.0
0.0
0.0
0.0
0.0
0.0
0.0
0.0
0.0
0.0
0.0
0.0
0.0
0.0
0.0
0.0
0.0
0.0
0.0
8.714325453713253e-06
0.00010193296763152012
0.0
0.0
0.0
0.0
0.0
0.0
0.0
0.0
0.0
0.0
0.0
0.0
0.0
0.0
0.0
0.0
0.0
0.0
0.0
5.71351034921289e-07
0.0
0.0
0.0
0.0
0.0
0.0
0.0
0.0
0.0
0.0
0.0
0.0
0.0
0.0
0.0
0.0
0.0
0.0
0.0
0.0
0.0
0.0
0.0
0.0
0.0
0.0
0.0
0.0
0.0
0.0
0.0
0.0
0.0
0.0
0.0
0.0
0.0
0.0
0.0
0.0
0.0
0.0
0.0
0.0
0.0
0.0
0.0
0.0
0.0
0.0
0.0
0.0
0.0
0.0
0.0
0.0
0.0
0.0
0.0
0.0
0.0
0.0
0.0
0.0
0.0
0.0
0.0
0.0
0.0
0.0
0.0
0.0
0.0
0.0
0.0
0.0
0.0
0.0
0.0
0.0
0.0
0.0
0.0
0.0
0.0
0.0
0.0
0.0
0.0
0.0
0.0
0.0
0.0
0.0
0.0
0.0
0.0
0.0
0.0
0.0
0.0
0.0
0.0
0.0
0.0
0.0
0.0
0.0
0.0
0.0
0.0
0.0
0.0
0.0
0.0
0.0
0.0
0.0
0.0
0.0
0.0
0.0
0.0
0.0
0.0
0.0
0.0
0.0
0.0
0.0
0.0
0.0
0.0
0.0
0.0
0.0
0.0
0.0
0.0
0.0
0.0
0.0
0.0
0.0
0.0
0.0
0.0
0.0
0.0
0.0
0.0
0.0
0.0
0.0
0.0
0.0
0.0
0.0
0.0
0.0
0.0
0.0
0.0
0.0
0.0
0.0
0.0
0.0
0.0
1.1325351046931885e-07
0.0
0.0
0.0
0.0
0.0
0.0
0.0
0.0
0.0
0.0
0.0
0.0
0.0
0.0
0.0
0.0
0.0
0.0
0.0
0.0
0.0
0.0
0.0
0.0
0.0
0.0
0.0
0.0
0.0
0.0
0.0
0.0
0.0
0.0
0.0
0.0
0.0
0.0
0.0
0.0
0.0
0.0
0.0
0.0
0.0
0.0
0.0
0.0
0.0
0.0
0.0
0.0
0.0
0.0
0.0
0.0
0.0
0.0
0.0
0.0
0.0
0.0
0.0
0.0
0.0
0.0
0.0
0.0
0.0
0.0
0.0
0.0
0.0
0.0
0.0
0.0
0.0
0.0
0.0
0.0
0.0
0.0
0.0
0.0
0.0
0.0
0.0
0.0
0.0
0.0
0.0
0.0
0.0
0.0
0.0
0.0
0.0
0.0
0.0
0.0
0.0
0.0
0.0
0.0
0.0
0.0
0.0
0.0
0.0
0.0
0.0
0.0
0.0
0.0
0.0
0.0
0.0
0.0
0.0
0.0
0.0
0.0
0.0
0.0
0.0
0.0
0.0
0.0
0.0
0.0
0.0
0.0
0.0
0.0
0.0
0.0
0.0
0.0
0.0
0.0
0.0
0.0
0.0
0.0
0.0
0.0
0.0
0.0
0.0
0.0
0.0
0.0
0.0
0.0
0.0
0.0
0.0
0.0
0.0
0.0
0.0
6.714037223654887e-08
0.0
0.0
0.0
0.0
0.0
0.0
0.0
0.0
0.0
0.0
0.0
0.0
0.0
0.0
0.0
0.0
0.0
0.0
0.0
0.0
0.0
0.0
0.0
0.0
0.0
0.0
0.0
0.0
0.0
0.0
0.0
0.0
0.0
0.0
0.0
0.0
0.0
0.0
0.0
0.0
0.0
0.0
0.0
0.0
0.0
0.0
0.0
0.0
0.0
0.0
0.0
0.0
0.0
0.0
0.0
0.0
0.0
0.0
0.0
0.0
0.0
0.0
0.0
0.0
0.0
0.0
0.0
0.0
0.0
0.0
0.0
0.0
0.0
0.0
0.0
0.0
0.0
0.0
0.0
0.0
0.0
0.0
0.0
0.0
0.0
0.0
0.0
0.0
0.0
0.0
0.0
0.0
0.0
0.0
0.0
0.0
0.0
0.0
0.0
0.0
0.0
0.0
0.0
0.0
0.0
0.0
0.0
0.0
0.0
0.0
0.0
0.0
0.0
0.0
0.0
0.0
0.0
0.0
0.0
0.0
0.0
0.0
0.0
0.0
0.0
0.0
0.0
0.0
0.0
0.0
0.0
0.0
0.0
0.0
0.0
0.0
0.0
0.0
0.0
0.0
0.0
0.0
0.0
0.0
0.0
0.0
0.0
0.0
0.0
0.0
0.0
0.0
0.0
0.0
0.0
0.0
0.0
0.0
0.0
0.0
0.0
0.0
0.0
0.0
0.0
0.0
0.0
0.0
0.0
0.0
0.0
0.0
0.0
0.0
0.0
0.0
0.0
0.0
0.0
0.0
0.0
0.0
0.0
0.0
0.0
0.0
0.0
0.0
0.0
0.0
0.0
0.0
0.0
0.0
0.0
0.0
0.0
0.0
0.0
0.0
0.0
0.0
0.0
0.0
0.0
0.0
0.0
0.0
0.0
0.0
0.0
0.0
0.0
0.0
0.0
0.0
0.0
0.0
0.0
0.0
0.0
0.0
0.0
0.0
0.0
0.0
0.0
0.0
0.0
0.0
0.0
0.0
0.0
0.0
0.0
0.0
0.0
0.0
0.0
0.0
0.0
0.0
0.0
0.0
0.0
0.0
0.0
0.0
0.0
0.0
0.0
0.0
0.0
0.0
0.0
0.0
0.0
0.0
0.0
0.0
0.0
0.0
0.0
0.0
0.0
0.0
0.0
0.0
0.0
0.0
0.0
0.0
0.0
0.0
0.0
0.0
0.0
0.0
0.0
0.0
0.0
0.0
0.0
0.0
0.0
0.0
0.0
0.0
0.0
0.0
0.0
0.0
0.0
0.0
0.0
0.0
0.0
0.0
0.0
0.0
0.0
0.0
0.0
0.0
0.0
0.0
0.0
0.0
0.0
0.0
0.0
0.0
0.0
0.0
0.0
0.0
0.0
0.0
0.0
0.0
0.0
0.0
0.0
0.0
0.0
0.0
0.0
0.0
0.0
0.0
0.0
0.0
0.0
0.0
0.0
0.0
0.0
0.0
0.0
0.0
0.0
0.0
0.0
0.0
0.0
0.0
0.0
0.0
0.0
0.0
0.0
0.0
0.0
0.0
0.0
0.0
0.0
0.0
0.0
0.0
0.0
0.0
0.0
0.0
0.0
0.0
0.0
0.0
0.0
0.0
0.0
0.0
0.0
0.0
0.0
0.0
0.0
0.0
0.0
0.0
0.0
0.0
0.0
0.0
0.0
0.0
0.0
0.0
0.0
0.0
0.0
0.0
0.0
0.0
0.0
0.0
0.0
0.0
0.0
0.0
0.0
0.0
0.0
0.0
0.0
0.0
0.0
0.0
0.0
0.0
0.0
0.0
0.0
0.0
0.0
0.0
0.0
0.0
0.0
0.0
0.0
0.0
0.0
0.0
0.0
0.0
0.0
0.0
0.0
0.0
0.0
0.0
0.0
0.0
0.0
0.0
0.0
0.0
0.0
0.0
0.0
0.0
0.0
0.0
0.0
0.0
0.0
0.0
0.0
0.0
0.0
0.0
0.0
0.0
0.0
0.0
0.0
0.0
0.0
0.0
0.0
0.0
0.0
0.0
0.0
0.0
0.0
0.0
0.0
0.0
0.0
0.0
0.0
0.0
0.0
0.0
0.0
0.0
0.0
0.0
0.0
0.0
0.0
0.0
0.0
0.0
0.0
0.0
0.0
0.0
0.0
0.0
0.0
0.0
0.0
0.0
0.0
0.0
0.0
0.0
0.0
0.0
0.0
0.0
0.0
0.0
0.0
0.0
0.0
0.0
0.0
0.0
0.0
0.0
0.0
0.0
0.0
0.0
0.0
0.0
0.0
0.0
0.0
0.0
0.0
0.0
0.0
0.0
0.0
0.0
0.0
0.0
0.0
0.0
0.0
0.0
0.0
0.0
0.0
0.0
0.0
0.0
0.0
0.0
0.0
0.0
0.0
0.0
0.0
0.0
0.0
0.0
0.0
0.0
0.0
0.0
0.0
0.0
0.0
0.0
0.0
4.576398004101159e-05
0.0
0.0
0.0
0.0
0.0
0.0
0.0
0.0
0.0
0.0
0.0
0.0
0.0
0.0
0.0
0.0
0.0
0.0
0.0
0.0
0.0
0.0
0.0
0.0
0.0
0.0
0.0
0.0
0.0
0.0
0.0
0.0
0.0
0.0
0.0
0.0
0.0
0.0
0.0
0.0
0.0
0.0
0.0
0.0
0.0
0.0
0.0
0.0
0.0
0.0
0.0
0.0
0.0
0.0
0.0
0.0
0.0
0.0
0.0
0.0
0.0
0.0
0.0
0.0
0.0
0.0
0.0
0.0
0.0
0.0
0.0
0.0
0.0
0.0
0.0
0.0
0.0
0.0
0.0
0.0
0.0
0.0
0.0
0.0
0.0
0.0
0.0
0.0
0.0
0.0
0.0
0.0
0.0
0.0
0.0
0.0
0.0
0.0
0.0
0.0
0.0
0.0
0.0
0.0
0.0
0.0
0.0
0.0
0.0
0.0
0.0
0.0
0.0
0.0
0.0
0.0
0.0
0.0
0.0
0.0
0.0
0.0
0.0
0.0
0.0
0.0
0.0
0.0
0.0
0.0
0.0
0.0
0.0
0.0
0.0
0.0
0.0
0.0
0.0
0.0
0.0
0.0
0.0
0.0
0.0
0.0
0.0
0.0
0.0
0.0
0.0
0.0
0.0
0.0
0.0
0.0
0.0
0.0
0.0
0.0
0.0
0.0
0.0
0.0
0.0
0.0
0.0
0.0
0.0
0.0
0.0
0.0
0.0
0.0
0.0
0.0
0.0
0.0
0.0
0.0
0.0
0.0
0.0
0.0
0.0
0.0
0.0
0.0
0.0
0.0
0.0
0.0
0.0
0.0
0.0
0.0
0.0
0.0
0.0
0.0
0.0
0.0
0.0
0.0
0.0
0.0
0.0
0.0
0.0
0.0
0.0
0.0
0.0
0.0
0.0
0.0
0.0
0.0
0.0
0.0
0.0
0.0
0.0
0.0
0.0
0.0
0.0
0.0
0.0
0.0
0.0
0.0
0.0
0.0
0.0
0.0
0.0
0.0
0.0
0.0
0.0
0.0
0.0
0.0
0.0
0.0
0.0
0.0
0.0
0.0
0.0
0.0
0.0
0.0
0.0
0.0
0.0
0.0
0.0
0.0
0.0
0.0
0.0
0.0
0.0
0.0
0.0
0.0
0.0
0.0
0.0
0.0
0.0
0.0
0.0
0.0
0.0
0.0
0.0
0.0
0.0
0.0
0.0
0.0
0.0
0.0
0.0
0.0
0.0
0.0
0.0
0.0
0.0
0.0
0.0
0.0
0.0
0.0
0.0
0.0
0.0
0.0
0.0
0.0
0.0
0.0
0.0
0.0
0.0
0.0
0.0
0.0
0.0
0.0
0.0
0.0
0.0
0.0
0.0
0.0
0.0
0.0
0.0
0.0
0.0
0.0
0.0
0.0
0.0
0.0
0.0
0.0
0.0
0.0
0.0
0.0
0.0
0.0
0.0
0.0
0.0
0.0
0.0
0.0
0.0
0.0
0.0
0.0
0.0
0.0
0.0
0.0
0.0
0.0
0.0
0.0
0.0
0.0
0.0
0.0
0.0
0.0
0.0
0.0
0.0
0.0
0.0
0.0
0.0
0.0
0.0
0.0
0.0
0.0
0.0
0.0
0.0
0.0
0.0
0.0
0.0
0.0
0.0
0.0
0.0
0.0
0.0
0.0
0.0
0.0
0.0
0.0
0.0
0.0
0.0
0.0
0.0
0.0
0.0
0.0
0.0
0.0
0.0
0.0
0.0
0.0
0.0
0.0
0.0
0.0
0.0
0.0
0.0
0.0
0.0
0.0
0.0
0.0
0.0
0.0
0.0
0.0
0.0
0.0
0.0
0.0
0.0
0.0
0.0
0.0
0.0
0.0
0.0
0.0
0.0
0.0
0.0
0.0
0.0
0.0
0.0
0.0
0.0
0.0
0.0
0.0
0.0
0.0
0.0
0.0
0.0
0.0
0.0
0.0
0.0
0.0
0.0
0.0
0.0
0.0
0.0
0.0
0.0
0.0
0.0
0.0
0.0
0.0
0.0
0.0
0.0
0.0
0.0
0.0
0.0
0.0
0.0
0.0
0.0
0.0
0.0
0.0
0.0
0.0
0.0
0.0
0.0
0.0
0.0
0.0
0.0
0.0
0.0
0.0
0.0
0.0
0.0
0.0
0.0
0.0
0.0
0.0
0.0
0.0
0.0
0.0
0.0
0.0
0.0
0.0
0.0
0.0
0.0
0.0
0.0
0.0
0.0
0.0
0.0
0.0
0.0
0.0
0.0
0.0
0.0
0.0
0.0
0.0
0.0
0.0
0.0
0.0
0.0
0.0
0.0
0.0
0.0
0.0
0.0
0.0
0.0
0.0
0.0
0.0
0.0
0.0
0.0
0.0
0.0
0.0
0.0
0.0
0.0
0.0
0.0
0.0
0.0
0.0
0.0
0.0
0.0
0.0
0.0
0.0
0.0
0.0
0.0
0.0
0.0
0.0
0.0
0.0
0.0
0.0
0.0
0.0
0.0
0.0
0.0
0.0
0.0
0.0
0.0
0.0
0.0
0.0
0.0
0.0
0.0
0.0
0.0
0.0
0.0
0.0
0.0
0.0
0.0
0.0
0.0
0.0
0.0
0.0
0.0
0.0
0.0
0.0
0.0
0.0
0.0
0.0
0.0
0.0
0.0
0.0
0.0
0.0
0.0
0.0
0.0
0.0
0.0
0.0
0.0
0.0
0.0
0.0
0.0
0.0
0.0
0.0
0.0
0.0
0.0
0.0
0.0
0.0
0.0
0.0
0.0
0.0
0.0
0.0
0.0
0.0
0.0
0.0
0.0
0.0
0.0
0.0
0.0
0.0
0.0
0.0
0.0
0.0
0.0
0.0
0.0
0.0
0.0
0.0
0.0
0.0
0.0
0.0
0.0
0.0
0.0
0.0
0.0
0.0
0.0
0.0
0.0
0.0
0.0
0.0
0.0
0.0
0.0
0.0
0.0
0.0
0.0
0.0
0.0
0.0
0.0
0.0
0.0
0.0
0.0
0.0
0.0
0.0
0.0
0.0
0.0
0.0
0.0
0.0
0.0
0.0
0.0
0.0
0.0
0.0
0.0
0.0
0.0
0.0
0.0
0.0
0.0
0.0
0.0
0.0
0.0
0.0
0.0
0.0
0.0
0.0
0.0
0.0
0.0
0.0
0.0
0.0
0.0
0.0
0.0
0.0
0.0
0.0
0.0
0.0
0.0
0.0
0.0
0.0
0.0
0.0
0.0
0.0
0.0
0.0
0.0
0.0
0.0
0.0
0.0
0.0
0.0
0.0
0.0
0.0
0.0
0.0
0.0
0.0
0.0
0.0
0.0
0.0
0.0
0.0
0.0
0.0
0.0
0.0
0.0
0.0
0.0
0.0
0.0
0.0
0.0
0.0
0.0
0.0
0.0
0.0
0.0
0.0
0.0
0.0
0.0
0.0
0.0
0.0
0.0
0.0
0.0
0.0
0.0
0.0
0.0
0.0
0.0
0.0
0.0
0.0
0.0
0.0
0.0
0.0
0.0
0.0
0.0
0.0
0.0
0.0
0.0
0.0
0.0
0.0
0.0
0.0
0.0
0.0
0.0
0.0
0.0
0.0
0.0
0.0
0.0
0.0
0.0
0.0
0.0
0.0
0.0
0.0
0.0
0.0
0.0
0.0
0.0
0.0
0.0
0.0
0.0
0.0
0.0
0.0
0.0
0.0
0.0
0.0
0.0
0.0
0.0
0.0
0.0
0.0
0.0
0.0
0.0
0.0
0.0
0.0
0.0
0.0
0.0
