23
29
264
265
145
92
31
122
28
40
11
51
35
32
175
192
19
22
35
15
24
26
12
14
10
32
13
25
10
0
20
44
22
22
41
34
110
32
67
69
43
108
27
19
18
27
18
21
23
38
26
25
24
13
22
101
158
24
22
41
43
43
45
20
43
12
18
45
20
28
21
135
66
16
22
70
22
20
49
62
40
17
77
8
14
44
26
35
42
25
33
24
25
60
64
115
20
53
78
33
34
121
11
10
0
15
14
149
20
22
15
37
22
84
13
15
0
20
16
17
18
14
12
24
19
20
28
35
53
27
21
18
27
44
21
22
13
78
29
61
136
46
13
46
49
18
7
11
17
13
33
5
19
24
50
22
23
10
22
21
53
12
18
16
29
10
17
15
83
18
22
16
16
11
9
38
54
97
17
19
5
20
57
14
46
49
38
74
100
14
81
10
30
21
42
17
27
33
50
21
18
50
19
55
18
30
31
51
27
24
25
65
38
32
48
36
95
22
5
21
181
18
31
60
33
189
21
64
27
25
37
30
19
22
34
21
73
17
33
13
13
45
64
27
54
57
69
309
26
16
39
28
30
30
29
88
35
21
24
17
116
60
19
33
44
4
51
13
54
19
42
47
28
52
29
33
12
28
101
28
23
52
19
11
9
58
245
45
29
12
24
31
57
27
33
24
19
39
70
29
38
8
33
22
81
15
18
47
10
63
31
49
29
61
54
55
28
31
25
46
136
16
162
11
65
94
457
38
60
9
42
104
54
80
60
51
65
2
5
178
101
0
14
21
21
38
99
46
128
42
34
22
29
26
10
32
36
12
12
14
15
17
17
30
30
17
21
15
35
23
12
29
30
18
35
22
25
15
31
67
16
31
17
22
17
35
16
34
24
13
0
20
39
57
26
30
74
53
53
42
28
117
105
91
15
28
17
25
0
361
154
39
131
44
46
55
41
15
48
44
21
82
14
104
54
34
15
20
28
42
56
10
272
54
37
28
10
31
39
105
36
27
13
29
10
29
36
48
27
55
56
10
12
46
73
66
12
20
25
61
43
26
42
33
30
33
45
37
38
22
33
46
68
33
30
31
53
46
62
18
33
15
22
71
38
73
47
49
193
42
19
62
42
90
39
188
47
65
36
43
21
13
64
13
56
46
48
31
73
87
64
72
59
46
45
53
17
89
29
59
26
128
34
45
38
70
28
26
10
47
26
79
14
93
74
34
67
47
39
40
20
32
50
25
101
38
73
25
59
85
33
18
195
48
41
56
24
43
38
52
27
86
11
94
48
80
66
27
30
60
70
32
22
28
24
29
34
70
6
71
35
29
34
41
46
56
64
80
147
77
33
49
25
43
61
30
22
73
93
29
45
46
23
44
39
144
38
55
38
51
49
48
30
17
21
36
88
25
83
55
32
12
50
14
21
68
254
60
49
30
30
29
38
37
34
18
22
82
105
22
65
81
26
111
135
66
56
22
23
28
28
58
18
20
17
133
181
105
40
40
90
22
72
47
63
26
266
38
24
32
34
43
34
22
7
79
100
49
45
69
61
50
140
22
32
79
149
36
26
14
160
54
31
99
71
117
83
232
57
274
40
21
59
35
116
50
118
65
28
50
110
331
100
72
162
63
165
52
42
71
63
72
25
93
101
72
53
62
151
40
59
80
58
94
162
116
81
59
129
65
72
133
82
46
97
104
113
85
130
83
37
153
61
44
186
75
83
89
72
55
146
76
99
57
137
55
88
217
82
81
47
100
141
81
74
67
94
47
23
40
90
72
193
77
136
134
68
106
101
74
90
108
52
53
82
77
45
65
38
64
97
57
104
51
55
72
64
52
51
97
45
71
103
59
78
38
74
60
61
78
16
57
46
24
57
123
73
100
85
56
17
126
100
92
65
82
67
58
67
96
66
228
82
41
44
73
81
64
76
57
68
69
97
52
76
47
58
75
63
61
48
78
45
56
72
45
55
61
57
78
57
72
84
64
79
33
66
41
33
85
81
45
3
71
164
0
53
60
58
64
57
0
0
16
16
23
9
64
65
63
7
107
231
93
5
340
3
113
26
2
47
41
0
0
0
0
43
42
25
83
23
18
67
22
32
13
79
86
25
101
107
58
82
90
223
110
50
55
43
107
77
60
104
77
70
54
61
43
14
0
31
48
0
8
11
12
24
52
0
47
63
28
43
74
32
90
55
117
84
50
95
48
57
76
101
122
52
82
79
23
71
109
67
90
130
118
84
64
167
90
61
128
73
81
70
44
64
81
71
47
24
65
73
54
61
244
56
64
112
15
87
88
115
65
58
69
87
40
131
88
52
197
45
64
73
108
52
56
219
97
153
49
72
57
61
46
63
59
95
69
74
27
54
47
46
47
14
8
51
54
30
13
144
97
79
107
127
37
74
47
78
57
49
59
71
164
3
77
77
78
62
65
162
175
69
90
69
66
64
59
109
73
60
67
88
9
85
80
0
148
195
89
0
0
3
0
0
9
33
67
61
0
0
17
68
101
89
181
43
79
47
155
118
0
0
45
31
0
34
1
53
51
10
56
79
186
61
39
52
59
49
105
0
0
0
0
74
134
38
39
10
259
8
1
145
38
165
39
50
63
117
69
39
15
52
43
90
117
30
82
51
26
22
24
20
12
6
10
34
0
0
44
33
0
21
24
74
89
52
50
42
30
38
46
31
24
50
55
34
0
58
0
3
7
0
51
30
115
99
57
141
158
91
69
55
0
9
0
0
43
37
30
84
145
191
59
83
56
57
47
88
149
77
88
113
170
105
50
75
208
55
40
0
0
0
19
0
24
0
0
82
0
0
0
0
0
93
192
53
33
39
21
42
74
39
104
65
39
122
124
59
190
0
9
34
45
37
31
33
56
124
24
0
40
107
54
49
127
35
80
77
11
99
8
102
6
57
58
52
109
66
88
19
65
42
53
19
54
48
47
50
47
90
85
35
49
71
49
32
29
32
60
58
63
44
0
8
11
24
7
6
0
43
0
0
0
52
47
74
48
140
6
203
61
19
17
54
14
0
0
0
0
0
5
0
23
92
173
64
3
139
93
27
114
7
21
47
0
0
0
0
75
0
51
60
62
23
63
34
66
56
75
48
36
213
37
57
49
72
53
39
27
81
16
33
105
51
18
5
13
32
9
10
16
10
97
42
26
50
48
1
87
135
48
101
69
75
149
28
76
126
6
65
40
58
41
57
60
34
58
17
11
53
47
20
82
85
51
15
87
85
64
35
18
57
9
62
71
6
67
50
10
115
61
38
53
56
27
46
54
69
44
54
0
0
0
0
0
11
47
55
88
63
21
20
54
78
41
58
50
48
43
106
37
74
95
55
32
59
76
75
48
50
59
4
4
74
53
9
62
13
89
34
14
34
111
16
47
31
61
44
66
13
49
46
77
2
70
47
93
54
44
31
74
63
45
15
54
95
8
39
53
57
44
51
63
42
0
38
52
53
0
0
0
0
0
52
50
60
51
57
41
82
81
58
77
29
56
53
61
57
64
60
62
110
65
38
49
81
83
26
17
51
16
60
81
88
43
54
94
65
46
48
29
58
75
79
0
24
117
51
0
0
0
0
41
75
37
15
54
92
11
23
8
40
40
53
43
0
5
13
23
14
17
27
0
0
0
0
27
39
65
42
28
58
60
43
38
28
46
104
12
19
7
11
28
15
12
12
30
4
50
68
31
0
0
0
0
0
0
16
6
0
63
51
0
47
12
0
53
9
30
46
7
93
12
25
9
11
1
15
46
0
0
7
0
0
0
0
8
7
0
5
0
34
0
62
47
57
86
56
60
74
49
39
55
34
0
13
31
20
10
94
21
34
39
0
0
0
0
39
80
28
0
0
0
0
39
36
53
24
39
9
40
59
43
35
0
0
0
1
54
0
0
0
0
0
0
0
34
0
0
0
0
0
49
0
0
0
0
0
0
0
0
20
14
11
7
15
0
0
8
0
18
0
0
0
0
0
0
0
51
0
0
0
0
29
53
0
0
0
0
0
0
6
0
0
25
78
74
14
0
48
51
0
0
29
64
0
0
0
0
0
48
0
0
0
9
0
95
0
0
0
0
0
2
49
53
24
23
0
0
0
0
0
0
89
2
48
29
0
0
9
5
25
48
82
60
46
59
40
37
0
0
0
11
77
46
10
38
49
47
9
50
3
41
63
21
39
54
7
40
54
0
0
0
0
0
51
60
14
15
132
39
51
6
6
6
63
32
54
31
0
0
0
0
0
0
0
0
0
0
20
47
30
14
9
0
45
34
0
0
10
10
13
0
0
0
26
0
87
53
22
17
40
11
9
0
0
0
0
0
0
0
0
0
0
0
63
62
35
0
0
0
0
0
0
0
0
0
67
0
0
0
54
38
66
2
61
29
74
0
0
10
0
0
0
0
79
42
66
68
48
29
44
63
18
0
0
0
0
0
0
0
0
0
0
63
46
35
26
58
31
29
37
31
41
14
43
26
15
6
18
68
57
47
0
0
2
110
37
61
0
0
0
0
0
0
0
44
0
0
0
0
35
49
0
0
0
0
0
0
0
0
18
18
11
25
35
28
9
13
7
29
28
59
37
45
8
69
48
16
17
44
43
49
9
43
58
71
33
48
33
17
15
4
38
8
23
14
41
3
12
8
8
5
20
58
5
40
30
18
10
3
12
63
4
3
22
50
43
13
40
17
43
20
62
26
10
37
17
37
37
15
6
6
11
42
38
45
64
1
41
51
42
30
11
42
51
19
41
40
36
1
34
48
32
6
37
42
48
9
39
0
0
0
0
0
6
12
0
0
0
0
0
0
0
0
0
0
0
0
0
0
0
0
0
0
0
0
0
0
0
0
0
0
0
0
6
0
0
0
0
0
0
0
0
0
0
0
0
0
0
0
0
0
39
0
12
27
12
28
7
9
0
0
0
0
0
0
0
3
0
0
0
0
0
0
0
7
0
0
0
0
0
0
0
0
0
0
0
50
48
24
0
0
14
12
14
0
0
0
0
0
0
0
0
0
0
13
39
0
0
0
0
0
0
0
0
4
0
0
0
3
0
67
38
48
34
60
0
0
0
0
0
0
0
0
8
5
0
0
0
0
0
0
0
18
29
40
0
0
0
0
11
0
0
0
0
0
0
0
0
0
6
0
0
0
8
0
35
0
6
0
0
0
0
0
11
0
0
17
14
13
11
20
13
21
71
27
8
18
16
46
0
0
0
0
0
0
0
34
17
35
43
22
19
8
4
34
69
18
58
23
7
57
8
13
9
12
16
11
54
46
16
12
20
8
12
7
18
7
9
5
6
34
5
11
17
48
71
8
0
71
0
0
20
14
31
55
7
0
41
40
43
0
0
0
0
0
0
0
44
4
0
1
33
77
26
67
8
18
37
32
37
14
13
11
13
34
34
33
10
9
52
31
26
41
60
35
41
22
57
0
0
0
0
0
0
0
0
0
0
0
20
9
11
0
0
0
0
18
4
6
0
0
10
0
0
0
0
0
0
0
0
0
7
28
0
0
0
0
0
0
5
0
1
13
1
23
15
2
10
13
5
10
3
4
14
0
0
0
0
0
13
0
0
0
0
0
0
0
11
7
0
4
1
5
0
0
0
0
0
0
5
3
0
0
0
0
13
7
3
0
0
0
0
0
0
0
0
0
0
0
11
0
12
0
0
5
7
0
0
0
0
0
0
0
0
0
0
0
0
0
0
0
0
0
0
5
21
6
0
0
0
0
0
0
0
0
0
0
0
0
0
1
0
0
0
0
0
24
21
22
2
10
26
26
8
0
0
0
7
51
0
25
0
0
7
12
0
0
0
0
0
0
12
0
0
0
0
0
0
0
0
0
0
0
0
0
28
29
5
12
0
0
0
0
0
0
0
0
0
0
2
0
0
0
0
0
0
0
0
0
13
17
5
35
0
0
0
0
0
0
0
0
0
0
0
0
0
0
0
15
0
14
22
2
10
31
7
11
21
10
10
7
30
0
0
0
0
0
0
0
0
0
0
0
0
0
0
0
0
0
0
0
24
10
5
10
7
18
13
12
14
14
4
6
12
8
13
13
0
0
2
11
0
0
0
0
0
0
0
0
0
0
0
0
0
3
4
9
26
11
0
0
0
0
0
0
0
0
0
0
0
0
0
0
0
0
0
0
13
0
0
0
0
3
0
0
0
0
0
0
0
0
0
0
0
0
0
0
0
0
0
0
0
0
0
0
0
0
0
0
0
0
0
0
8
0
0
0
0
0
0
0
0
0
0
0
0
0
0
0
0
0
0
0
2
0
0
0
0
0
0
0
0
0
0
0
13
18
16
0
9
0
0
0
0
0
0
0
0
0
3
0
0
0
0
0
0
0
0
0
0
0
0
0
0
0
0
0
0
0
0
0
0
0
0
0
0
0
0
0
0
0
0
0
0
0
0
16
0
0
0
29
0
0
0
0
0
0
0
0
0
0
0
0
0
0
0
0
0
0
0
0
0
0
0
0
0
0
0
0
1
9
0
0
0
0
0
0
0
5
0
0
0
0
0
0
0
0
0
0
0
0
0
0
0
0
0
0
0
0
0
0
0
0
9
6
2
0
0
0
0
0
0
0
8
0
0
0
0
0
0
0
2
0
0
0
0
0
0
9
16
0
0
0
0
0
0
0
0
0
0
0
0
3
15
11
7
0
0
4
3
8
5
7
0
0
0
0
0
15
0
0
0
0
0
0
0
0
0
0
0
0
0
0
0
0
0
0
0
0
0
0
0
0
3
5
10
12
0
0
0
0
0
0
0
0
0
0
0
0
0
0
0
0
0
0
0
0
0
0
0
0
1
0
0
0
0
0
0
8
0
0
0
0
0
0
0
0
15
0
0
0
0
0
0
0
0
0
6
0
0
0
11
0
0
3
0
0
0
0
0
0
0
0
0
0
0
0
0
0
0
0
0
0
0
0
9
0
0
0
0
0
0
0
0
11
12
0
0
0
0
0
0
0
0
0
0
0
1
1
5
0
0
0
0
0
0
0
0
0
0
0
0
0
0
5
0
0
0
0
0
4
6
8
0
0
0
0
12
7
5
0
0
4
0
0
0
0
0
0
0
0
0
0
0
0
0
0
0
0
0
0
15
11
0
0
0
0
0
0
0
0
0
0
0
0
0
0
0
0
0
0
0
0
0
0
0
0
0
0
0
0
0
0
0
0
0
0
0
0
0
0
0
0
0
0
0
0
0
4
0
0
0
0
0
0
0
0
0
0
0
0
0
0
0
0
0
0
0
0
0
0
17
0
0
0
0
0
0
4
5
0
0
0
0
0
0
0
0
0
0
0
0
0
0
0
0
0
0
0
0
0
0
0
0
0
0
0
0
0
0
0
0
0
0
0
0
0
0
0
0
0
0
0
0
0
0
0
0
0
10
0
14
0
0
0
0
0
0
0
0
0
0
0
0
0
0
0
0
0
0
0
0
0
0
0
0
0
0
0
2
0
0
0
0
0
0
0
0
0
0
4
10
7
0
0
0
0
0
0
1
0
0
0
0
0
0
22
0
0
0
0
0
0
0
0
0
0
0
0
0
0
0
0
0
0
0
0
0
0
0
0
0
0
0
0
0
0
0
0
0
0
0
0
0
0
0
0
0
0
0
0
0
0
0
0
0
0
5
0
0
0
0
0
4
0
0
0
0
0
0
0
0
0
0
0
7
0
0
0
0
0
0
0
0
0
0
0
20
3
1
0
0
0
0
0
0
6
3
0
2
0
0
0
0
0
0
12
0
0
0
0
0
0
1
0
0
0
0
0
0
0
0
0
24
0
0
0
0
0
0
0
0
0
0
0
0
5
0
0
0
0
0
0
0
0
0
0
0
0
1
0
0
12
12
3
15
10
5
8
4
8
18
0
0
0
0
0
0
0
6
0
0
0
0
0
0
0
0
0
0
0
0
0
0
0
0
0
0
11
0
0
0
0
0
0
2
0
0
0
0
0
0
0
0
0
0
0
0
0
0
0
0
0
0
0
0
0
0
0
0
0
0
0
0
0
0
0
0
0
0
0
0
0
0
0
0
0
0
0
0
0
0
0
0
0
0
0
0
0
0
0
0
0
14
0
11
0
0
0
0
0
6
7
0
0
0
0
0
0
0
0
0
0
0
0
0
0
0
0
0
0
0
0
0
0
0
0
11
0
0
0
0
0
0
0
0
13
0
0
0
0
13
0
0
0
0
15
6
10
8
17
8
11
4
14
0
0
0
0
8
0
0
0
0
0
0
0
11
0
0
0
9
0
0
0
0
0
15
0
0
0
0
3
3
2
5
1
0
0
0
0
0
0
0
0
0
0
0
0
0
0
0
0
0
0
0
5
0
6
6
0
0
0
0
0
0
0
0
0
0
0
0
0
0
0
0
17
0
0
0
5
12
18
0
10
0
0
0
0
0
0
0
0
0
0
0
0
0
0
0
0
0
0
0
0
0
0
0
0
0
0
11
0
0
0
0
0
0
0
0
0
0
0
0
0
0
0
0
0
0
0
0
0
0
0
0
0
0
0
0
0
1
0
0
0
0
0
0
0
0
0
0
0
0
3
0
0
0
0
0
1
0
0
0
0
0
0
0
0
0
0
0
0
0
0
0
6
0
0
0
0
0
0
0
0
0
0
0
0
0
0
0
0
0
0
6
0
0
0
0
0
0
0
0
0
0
0
0
0
0
0
0
0
0
0
0
0
0
0
0
0
0
0
0
0
0
0
0
0
5
0
0
0
0
9
0
0
0
0
0
0
0
0
0
0
0
0
0
0
0
0
0
0
2
5
7
13
12
4
1
8
6
0
0
0
0
0
0
0
0
0
0
0
0
0
0
0
0
0
0
0
0
0
0
0
0
0
0
0
1
0
0
3
5
3
3
4
3
6
2
0
0
0
0
0
0
0
0
0
0
0
0
0
0
0
0
0
0
0
0
0
0
0
0
0
0
0
0
0
5
0
0
0
0
0
0
3
0
0
0
0
0
0
0
7
0
0
0
0
0
0
0
0
0
0
0
1
0
2
0
0
0
0
0
7
0
0
0
0
0
0
0
2
0
0
0
0
0
0
0
0
0
0
0
0
0
0
0
0
0
0
0
0
0
0
0
0
0
0
0
0
0
0
0
0
0
0
0
0
0
0
0
0
0
0
0
1
0
0
0
0
0
0
0
0
0
0
0
0
0
0
0
0
0
0
0
0
0
0
0
0
0
0
0
0
0
0
0
0
0
0
0
0
0
0
0
0
0
0
0
1
0
0
0
0
0
0
0
0
0
0
0
0
0
0
0
0
0
0
0
0
0
0
0
0
0
0
0
0
0
0
0
0
0
0
0
0
0
0
0
0
0
0
0
0
0
0
0
0
0
0
0
0
0
0
0
0
0
0
0
0
0
0
0
0
0
0
0
0
0
0
0
0
0
0
0
0
0
0
0
0
0
0
0
0
0
0
0
0
0
0
0
0
0
0
0
3
0
0
0
0
0
0
0
0
0
1
6
7
0
0
3
0
0
0
0
0
0
0
0
0
0
0
0
0
0
0
0
0
0
0
4
5
5
5
0
0
0
0
1
6
2
3
2
0
3
0
0
0
0
0
0
0
0
0
0
0
0
0
0
0
0
0
0
0
0
0
0
0
0
0
0
0
0
0
0
0
0
0
0
0
0
0
0
0
0
0
0
0
0
0
0
0
0
0
0
0
0
0
0
0
0
0
0
0
0
0
0
0
2
0
0
0
0
0
3
6
0
0
0
0
1
1
0
0
0
0
0
1
0
0
1
0
0
0
0
0
0
0
0
0
0
0
0
0
0
0
0
0
0
0
0
0
0
0
0
0
0
0
0
0
0
0
0
0
0
0
0
6
0
0
0
0
0
0
0
0
0
0
0
0
0
0
0
0
0
0
0
0
0
0
0
0
0
0
0
0
0
0
0
0
0
1
5
4
0
0
0
0
0
0
0
0
0
0
0
0
0
0
0
0
0
0
0
0
0
0
0
0
0
0
0
0
0
0
0
0
0
0
5
0
0
0
0
0
0
0
0
0
0
0
0
0
0
0
0
0
0
0
0
0
0
0
0
1
0
0
0
0
0
0
0
4
0
0
3
0
0
0
0
0
0
0
0
0
0
0
0
0
0
0
0
0
0
0
0
0
0
0
0
0
0
0
0
0
0
0
0
0
0
0
0
0
4
0
0
0
0
0
0
0
0
0
0
0
0
0
0
0
0
0
0
0
0
0
0
5
0
0
0
0
0
0
0
0
0
0
0
0
0
0
0
0
0
0
0
0
0
0
0
0
0
0
0
0
1
0
0
0
0
0
0
4
10
3
5
0
0
0
0
0
0
0
0
0
0
0
0
0
0
0
0
0
0
0
0
0
0
0
0
0
0
0
0
0
0
0
0
0
0
0
0
6
0
0
7
4
0
1
0
8
0
0
0
0
0
0
0
0
0
0
0
0
0
0
0
0
0
3
0
0
0
0
0
0
0
0
0
0
0
0
0
0
0
0
0
0
0
0
0
0
0
0
0
2
0
0
0
0
0
2
0
0
0
0
0
0
0
0
0
0
0
0
0
0
0
0
0
0
0
0
0
0
0
0
0
0
0
0
0
0
0
1
0
0
0
0
0
0
0
0
0
0
0
0
0
0
0
0
0
0
0
0
0
0
0
0
0
0
0
0
0
1
0
0
0
0
0
0
0
0
0
0
0
0
0
0
0
0
0
0
0
0
0
0
0
0
0
0
0
0
0
0
0
0
0
0
12
0
0
0
0
0
0
0
0
0
0
0
0
0
0
0
0
0
0
0
0
0
0
0
0
0
0
0
0
0
0
0
0
0
0
0
0
0
0
0
0
0
0
0
0
9
8
0
0
0
0
0
0
0
0
0
0
0
0
0
0
0
0
0
0
0
0
0
0
0
0
0
0
0
0
0
0
0
0
0
0
0
0
0
0
0
0
0
0
0
0
0
0
0
0
0
0
0
0
0
0
0
0
0
0
0
0
0
0
0
0
0
0
0
1
0
0
0
0
0
0
0
0
0
0
0
0
0
0
0
0
0
4
0
0
0
2
0
0
1
0
0
3
0
0
0
0
0
0
0
0
0
0
0
0
0
0
0
0
0
0
0
0
0
1
0
2
7
0
0
5
4
0
0
0
0
0
0
0
0
0
0
0
0
0
0
0
0
0
0
0
0
0
0
0
0
0
0
0
0
0
0
0
0
0
0
0
0
0
0
0
0
0
0
0
0
0
0
0
0
0
0
0
0
0
0
0
0
0
0
0
0
0
0
0
0
0
5
0
0
0
0
0
0
0
0
0
0
0
0
0
0
0
0
0
0
0
0
0
0
0
0
0
0
0
0
0
0
0
0
0
0
0
0
0
0
0
0
0
0
0
0
0
0
4
0
0
0
0
0
0
0
0
0
0
0
0
0
0
0
0
0
0
0
0
0
0
0
0
0
0
0
0
0
0
0
0
0
2
0
0
0
0
0
0
0
0
0
0
0
0
0
0
0
0
0
2
0
0
0
1
0
0
0
0
0
0
0
0
0
0
0
0
0
0
0
0
0
0
0
0
0
0
0
0
0
0
0
0
0
0
0
0
0
0
0
0
0
0
0
0
0
13
0
0
0
0
0
0
0
0
0
3
0
0
0
0
0
0
0
0
0
0
0
0
0
0
0
0
0
0
0
0
0
0
0
0
0
0
0
0
0
4
0
0
0
0
0
0
0
0
0
0
0
0
0
3
11
0
0
3
7
5
0
0
0
0
0
0
12
0
0
0
0
0
0
0
0
0
0
0
0
0
0
0
0
0
0
0
0
0
0
0
0
0
0
0
0
0
0
0
0
0
0
0
0
0
0
0
0
0
0
0
0
0
3
0
0
0
0
0
0
0
0
0
0
1
3
4
0
0
0
0
0
0
0
0
0
0
0
0
0
0
1
3
0
2
0
0
0
0
0
0
0
1
0
0
0
0
0
0
0
0
0
0
0
0
0
0
0
0
0
0
0
0
0
0
0
0
0
0
0
0
0
0
0
0
0
0
0
1
7
0
0
0
0
0
0
0
2
9
5
0
0
0
0
0
0
0
0
0
7
0
0
0
0
0
0
0
0
0
0
0
0
0
2
0
0
0
0
0
0
0
0
0
0
0
0
0
0
0
0
0
0
0
0
0
0
0
0
0
0
0
0
0
0
0
0
0
0
0
0
0
0
0
0
0
0
0
0
0
0
0
0
0
0
0
0
0
0
0
0
0
0
0
0
0
0
0
0
0
0
0
0
0
0
0
0
0
0
0
0
0
0
0
0
0
0
0
0
0
0
0
0
0
0
0
0
0
0
0
1
0
0
0
0
0
0
0
0
0
0
0
0
0
13
7
0
0
0
0
0
0
0
0
0
0
0
0
0
0
0
0
0
0
0
0
0
0
0
0
0
0
0
0
0
0
0
0
0
0
0
0
0
0
0
0
0
0
0
0
10
0
0
0
0
0
0
0
0
0
0
0
0
0
0
0
0
0
0
0
0
0
0
0
0
0
0
0
0
0
0
0
0
0
0
0
0
0
0
0
0
0
0
0
0
0
0
0
0
0
0
0
0
0
0
0
0
0
0
0
0
0
0
0
0
0
1
0
0
0
0
0
0
0
0
0
0
0
0
8
3
2
0
0
0
0
0
0
0
0
0
0
0
0
0
0
0
0
0
1
0
0
0
0
0
0
0
0
0
0
0
0
0
0
0
0
0
0
0
0
0
0
0
0
0
0
0
0
0
0
0
0
0
0
0
0
0
0
0
0
0
0
0
0
0
1
0
0
0
0
0
0
0
0
0
0
0
0
0
0
0
4
2
0
1
5
0
0
0
0
1
4
0
1
0
0
0
1
0
0
0
0
0
0
0
0
0
0
0
0
0
0
0
0
0
0
0
0
0
1
0
0
0
0
0
0
0
0
0
0
0
0
0
0
0
0
0
0
0
0
0
0
0
0
0
0
0
0
0
0
0
0
0
0
0
0
0
0
0
0
0
0
0
0
0
0
0
0
0
0
0
0
0
0
0
0
0
0
1
0
0
0
0
0
0
0
0
0
0
0
0
0
1
0
0
9
0
0
2
0
0
0
0
0
0
0
0
0
0
0
0
0
1
0
0
0
0
0
0
0
0
0
0
0
0
0
0
0
0
0
0
0
0
0
0
0
0
0
0
0
0
0
0
0
0
0
0
0
0
0
0
0
0
0
0
0
0
1
0
0
0
0
1
0
0
0
0
0
0
0
0
0
0
0
0
0
0
0
0
0
0
0
0
0
0
0
0
0
0
0
0
0
0
0
0
0
0
0
0
0
0
0
0
0
0
0
0
0
0
0
0
0
0
0
0
0
0
0
0
0
0
0
0
0
0
0
0
0
0
0
0
0
0
0
0
0
0
0
0
0
0
0
0
0
3
0
0
0
0
0
0
0
0
0
1
0
0
0
0
1
0
0
0
0
0
0
0
0
0
0
0
0
0
0
0
0
0
0
0
0
0
0
0
0
0
0
0
0
0
0
0
0
0
0
0
0
0
0
0
0
0
0
0
0
0
0
0
0
0
0
0
0
3
0
0
0
0
0
0
0
0
0
0
0
0
0
0
0
0
0
0
0
0
0
1
0
0
0
0
0
0
0
0
0
0
0
0
0
0
0
0
0
0
0
0
0
0
0
0
0
0
0
0
0
0
0
0
0
0
0
0
0
0
0
0
0
0
0
0
0
0
4
0
0
0
0
0
0
0
0
0
0
0
0
0
0
0
0
0
0
0
0
0
0
0
0
0
2
0
0
0
0
0
0
0
0
0
0
0
0
0
0
0
0
0
0
0
0
0
0
4
0
0
0
0
0
0
0
0
0
0
0
0
0
0
0
0
0
0
0
0
0
0
0
0
0
0
0
1
0
0
0
0
0
0
0
0
0
0
0
0
0
0
0
0
0
0
0
0
0
0
0
0
0
0
0
0
0
0
0
0
0
0
0
0
0
0
0
0
0
0
0
0
0
0
0
0
0
0
0
0
0
0
0
0
0
0
0
0
0
0
0
0
0
0
0
0
0
0
0
0
0
1
0
0
0
0
0
0
0
0
0
0
0
2
0
0
0
0
0
0
0
0
0
0
0
0
0
0
0
0
0
0
0
0
0
0
0
0
0
0
0
0
0
0
0
0
0
0
0
0
0
0
0
0
0
0
0
0
0
0
0
0
0
0
0
0
0
0
0
0
0
0
0
0
0
0
0
0
0
0
0
0
0
0
0
0
0
0
0
0
0
0
0
0
0
0
0
0
0
0
0
0
0
0
0
0
0
0
0
0
1
2
2
5
0
0
0
0
0
0
0
0
0
0
0
0
0
0
0
0
0
0
0
0
0
0
0
0
0
0
0
0
0
0
0
0
0
0
0
0
0
0
0
0
0
0
0
0
0
0
0
0
0
0
0
2
0
0
0
0
0
0
0
0
0
0
0
0
0
0
0
0
0
0
0
0
0
0
0
0
0
0
1
0
0
0
0
0
0
0
0
0
0
0
0
0
0
0
0
0
0
0
0
0
0
0
0
0
0
0
0
0
0
0
0
0
0
0
0
0
0
0
0
0
0
0
0
0
0
0
0
0
0
0
0
0
0
0
0
0
0
0
0
0
0
0
0
0
0
0
0
0
0
0
0
0
0
1
0
0
0
0
1
0
0
0
0
0
0
0
0
0
0
0
0
0
0
0
0
0
0
0
0
0
0
0
0
0
0
0
0
0
0
0
0
0
0
0
0
0
0
0
0
0
0
0
0
0
0
0
0
0
0
0
0
0
0
0
0
0
0
0
0
0
0
0
0
0
0
0
0
0
0
0
0
0
0
0
0
0
0
0
0
0
0
0
0
0
0
0
0
0
0
0
0
0
0
0
0
0
0
0
0
0
0
0
0
0
0
0
0
0
0
0
0
0
0
0
0
0
0
0
0
0
0
0
0
0
0
0
0
0
0
0
0
0
0
0
0
0
0
0
0
0
0
0
0
2
0
0
0
0
0
0
0
0
0
0
0
0
0
0
0
0
0
0
0
1
0
0
0
0
0
0
0
0
0
0
0
0
0
0
0
0
0
0
0
0
0
0
0
0
0
0
0
0
0
0
0
0
0
0
0
0
0
0
0
0
0
1
0
0
0
0
0
0
0
0
0
0
0
0
0
0
0
0
0
0
0
0
0
0
0
0
0
0
0
0
0
0
0
0
0
0
1
0
0
0
0
0
0
0
0
0
0
0
0
0
0
0
0
0
0
0
0
0
0
0
0
0
0
0
0
0
0
0
0
0
0
0
0
0
0
0
0
0
0
0
0
0
0
0
0
0
0
0
0
0
0
0
0
0
0
0
0
0
0
0
0
0
0
0
0
0
0
0
0
0
0
0
0
0
0
0
0
0
0
0
0
0
0
0
0
0
0
0
0
0
0
0
0
0
0
0
0
0
0
0
0
0
0
0
0
0
0
0
0
0
0
0
0
0
0
0
0
0
0
0
0
0
0
0
0
0
0
0
0
0
0
0
0
0
0
0
0
0
0
0
0
0
0
0
0
0
0
0
0
0
0
0
0
0
0
0
0
0
0
0
0
0
0
0
0
0
0
0
0
0
0
0
0
0
0
0
0
0
0
0
0
0
0
0
1
0
0
0
0
0
0
1
0
0
0
0
0
0
0
0
0
0
0
0
0
0
0
1
0
0
0
0
0
0
0
0
0
0
0
0
0
0
0
0
0
0
0
0
0
0
0
0
0
0
0
0
0
2
0
0
0
0
0
0
0
0
0
0
1
0
0
0
0
0
0
0
0
0
0
0
0
0
0
0
0
0
0
0
0
0
0
0
0
0
0
0
0
0
0
0
0
0
0
0
0
0
0
0
0
0
0
0
0
0
0
0
0
0
0
0
0
0
0
0
0
0
0
0
0
0
0
0
0
0
0
0
0
0
0
0
0
0
0
0
0
0
0
0
0
0
0
0
0
0
0
0
0
0
0
0
0
0
0
0
0
0
0
0
0
0
0
0
0
0
0
0
0
0
0
0
0
0
0
