5
0
273
33
137
0
23
133
41
7
2
21
63
79
0
0
0
0
21
1
117
2
0
5
13
8
8
0
0
90
302
182
39
74
150
24
65
14
64
31
59
122
80
132
61
19
13
25
1
0
86
8
8
7
76
39
0
13
244
142
230
0
25
80
18
0
3
0
0
0
0
145
4
0
0
8
4
0
24
4
8
12
214
16
98
14
13
19
5
1
6
95
1
0
0
0
0
0
12
45
0
0
0
0
29
86
14
24
13
30
58
74
23
2
47
3
23
0
29
1
1
9
0
9
1
5
29
7
70
0
8
0
5
6
39
0
6
56
0
6
71
2
1
79
140
199
0
1
0
0
1
0
0
0
0
19
34
0
6
0
157
0
0
8
15
0
15
0
4
0
0
2
1
0
0
46
0
7
2
24
0
0
81
1
34
8
0
8
0
0
317
41
16
4
272
16
249
5
59
0
7
6
1
119
0
9
3
149
1
0
0
22
3
0
72
0
65
0
1
0
238
0
0
0
14
0
39
12
21
196
156
37
7
0
4
24
158
5
0
0
77
0
16
35
21
51
8
76
0
6
33
0
32
9
0
183
9
41
20
3
0
0
8
20
72
1
0
0
0
0
117
64
0
28
38
41
2
0
0
0
4
35
0
0
0
81
587
79
0
0
0
3
0
5
0
12
4
2
0
0
0
0
6
0
0
2
3
112
6
0
0
2
0
0
57
0
0
0
0
0
29
0
269
0
57
0
15
2
62
0
3
230
2
1
135
1
11
0
0
0
0
24
4
3
0
4
31
0
112
0
227
15
0
28
0
0
18
0
0
2
0
1
0
11
25
1
6
16
2
0
0
23
4
6
66
1
0
0
34
0
11
45
0
0
0
0
7
2
0
0
81
0
4
31
17
47
3
9
37
0
0
96
12
18
0
0
1
0
743
50
164
2
12
6
54
0
41
1
2
4
5
17
3
3
27
32
2
28
123
105
264
1
50
68
34
7
0
6
90
165
0
26
4
36
0
0
16
13
5
1
9
0
0
22
46
80
0
30
0
110
27
42
0
5
11
6
0
4
60
138
7
5
19
33
2
74
5
88
60
20
62
13
135
472
2
39
13
43
0
0
9
2
107
35
22
79
33
1
5
0
45
2
124
8
20
31
65
9
290
0
2
181
12
0
30
22
0
462
4
14
17
35
0
3
1
0
0
12
0
0
2
26
0
157
210
3
99
2
244
28
42
8
46
87
102
30
355
15
80
50
12
0
0
1
3
5
0
2
9
66
0
4
6
25
70
93
4
34
5
0
19
45
18
7
3
68
16
67
0
141
0
0
0
2
43
10
73
16
0
47
16
1
8
1
3
0
0
36
0
1
0
9
0
2
0
0
0
13
9
0
0
34
2
0
56
0
36
66
16
88
0
0
10
0
0
121
0
7
0
0
0
28
8
6
7
0
47
39
23
5
3
14
0
23
145
0
0
3
3
2
1
12
0
0
14
17
241
108
14
8
22
0
49
0
14
9
215
0
36
0
0
0
0
0
0
14
71
72
0
0
0
34
141
0
35
31
0
2
0
0
324
0
0
100
46
13
5
47
11
893
1
0
0
0
60
12
32
49
0
29
46
0
0
39
113
49
44
6
0
0
156
64
0
33
25
0
23
0
35
0
4
0
19
139
282
29
35
62
47
44
5
28
15
123
0
52
175
189
38
32
34
62
81
1
0
16
0
2
88
24
56
95
8
20
58
4
18
13
156
89
9
88
20
271
131
319
148
69
56
0
18
0
0
10
40
147
24
144
91
63
40
0
87
36
0
30
232
3
45
0
53
20
18
0
5
0
0
0
85
15
0
0
0
21
0
2
104
0
89
3
0
131
29
0
1
50
16
0
2
53
1
0
0
24
1
11
3
0
2
38
0
32
0
0
15
0
0
12
0
0
14
45
0
0
19
46
3
25
0
4
0
0
20
0
1
12
0
0
18
0
0
0
0
33
0
0
0
385
14
0
0
0
0
0
0
65
158
100
9
0
2
11
114
14
1
0
5
0
0
13
0
9
232
36
143
62
0
15
1
0
0
0
15
45
12
187
27
79
16
26
16
9
121
4
0
2
17
3
0
149
46
0
0
39
241
0
205
0
0
44
42
0
144
67
19
1
6
3
0
76
18
0
2
9
0
135
6
0
309
321
55
93
146
91
2
61
6
91
13
41
91
4
47
1
55
23
6
129
105
28
31
34
58
32
111
1
124
49
44
93
180
164
126
45
103
11
18
43
6
0
0
0
0
7
19
4
0
0
0
0
0
156
44
27
82
2
33
52
278
40
0
121
4
0
0
69
5
2
0
48
22
3
30
0
26
76
0
0
1
14
1
0
0
0
0
0
0
0
0
0
9
6
599
122
146
164
45
9
24
38
39
5
10
69
0
155
0
153
40
62
27
9
172
0
39
11
23
33
98
2
68
2
13
0
0
0
0
0
20
145
0
24
11
95
0
30
89
15
41
28
0
4
44
0
94
23
73
0
66
0
0
93
0
8
59
4
0
146
103
0
27
16
0
11
10
9
0
11
7
15
0
0
21
24
1
39
8
79
9
1
0
20
0
0
24
53
271
2
81
7
40
0
105
14
0
4
44
68
0
142
13
3
0
224
60
0
1
0
0
13
38
17
0
94
21
0
20
65
105
26
10
0
0
357
0
0
44
28
0
9
0
17
7
0
102
189
2
5
36
11
168
0
0
0
0
1
1
2
44
8
11
7
0
28
92
102
114
8
19
13
32
389
0
6
24
0
0
5
19
0
1
0
13
2
41
0
53
0
25
18
2
8
2
17
1
1
26
146
0
0
18
4
1
43
4
0
2
11
108
95
0
0
109
1
33
0
5
0
0
3
0
0
195
1
247
108
1
173
19
22
4
17
4
2
4
0
0
228
38
139
3
15
0
0
1
12
36
18
0
0
1
12
0
22
10
0
0
0
0
0
1
0
10
0
0
1
0
68
7
0
0
72
29
5
1
24
6
10
17
41
43
1
3
29
0
8
0
0
2
5
8
15
5
1
68
0
44
81
17
0
222
27
0
29
0
0
3
3
2
30
9
45
275
2
31
39
121
45
7
2
6
50
2
53
104
29
33
19
0
7
44
18
0
5
0
82
95
0
30
2
1
16
65
4
0
27
7
1
1
4
0
53
115
14
217
211
17
24
0
59
0
0
6
26
63
44
0
2
7
0
4
139
4
10
0
83
41
0
0
0
1
0
4
2
0
0
1
0
1
0
0
0
42
16
0
0
22
2
11
0
0
8
0
1
1
1
4
190
95
8
15
6
9
202
3
4
0
51
12
22
0
28
2
4
45
3
61
41
15
12
50
5
39
0
2
0
0
4
0
0
0
33
0
0
29
35
0
0
177
0
0
6
0
0
0
65
47
0
13
15
161
0
0
47
89
0
12
15
0
0
0
0
0
0
9
2
0
95
3
0
11
29
8
1
9
213
20
77
34
4
1
7
19
142
168
79
40
0
55
2
5
26
7
0
0
10
1
81
0
15
1
0
0
0
0
9
60
3
24
0
19
0
0
0
1
0
0
89
83
19
0
1
3
1
25
86
120
13
1
51
0
0
18
0
0
3
4
10
80
0
17
4
7
0
1
4
10
2
99
1
51
5
15
2
0
12
14
4
8
10
78
0
0
0
0
0
0
0
4
1
0
40
27
0
1
72
37
1
25
94
3
1
18
312
0
1
0
2
1
28
2
81
1
4
0
0
4
1
0
0
3
0
4
44
39
7
1
1
32
0
0
4
0
3
1
123
24
181
57
68
2
52
0
0
0
3
0
334
1
29
68
0
21
0
19
0
1
69
39
19
42
48
0
17
54
3
93
7
44
190
18
3
0
0
1
0
0
4
5
37
3
200
1
1
2
11
1
1
17
2
13
1
21
6
31
35
12
1
1
6
10
1
29
100
0
14
3
4
1
1
10
4
19
0
1
5
2
4
3
11
50
75
1
1
2
41
21
0
1
3
1
3
1
25
0
10
6
1
75
0
0
22
3
1
1
31
3
0
13
1
3
30
14
8
7
2
56
2
8
1
2
7
1
1
1
35
252
68
0
0
1
6
3
5
10
1
4
0
93
16
15
3
6
1
0
68
68
64
139
14
5
2
5
7
1
1
30
1
2
7
1
4
0
64
13
3
123
0
90
19
0
12
4
227
77
3
7
3
16
13
0
0
113
14
0
0
0
1
11
4
4
1
6
1
1
12
4
8
8
13
2
46
1
10
0
0
0
31
31
0
1
30
0
2
0
2
4
3
0
9
25
37
0
0
20
7
0
11
1
9
6
2
21
14
8
14
1
5
0
4
0
3
1
37
3
2
1
11
16
45
103
1
1
42
8
1
22
0
41
0
0
1
7
0
6
12
1
5
2
22
0
34
16
0
0
75
0
1
2
6
1
1
3
2
1
7
6
66
2
2
30
79
0
75
0
44
2
12
9
0
2
1
0
24
2
0
41
5
11
114
2
0
6
1
1
1
21
1
1
0
2
1
1
9
0
0
1
1
2
1
9
4
5
732
0
8
1
0
8
0
1
0
2
7
0
29
50
2
0
0
101
0
28
169
1
14
0
9
0
0
21
6
0
0
2
0
0
0
3
1
14
0
2
21
0
0
0
0
0
33
0
0
0
0
0
80
0
0
0
53
35
0
88
0
4
0
11
1
4
0
0
0
0
0
0
0
0
4
0
0
191
0
0
15
9
2
0
0
0
4
3
2
0
0
0
0
0
9
0
0
0
0
0
4
3
4
4
6
0
0
12
1
8
1
1
8
1
1
1
1
5
1
1
3
3
2
2
14
10
4
1
1
4
3
1
1
1
1
1
5
1
1
4
1
1
1
7
1
4
5
2
1
3
7
1
2
0
142
0
8
0
27
23
0
1
2
1
1
1
2
22
6
3
121
1
1
4
1
1
1
1
1
4
1
5
1
5
1
1
1
30
95
127
1
26
34
0
0
0
3
22
2
2
1
1
1
2
1
1
0
0
1
1
1
1
10
35
6
14
0
1
3
1
0
150
3
6
0
0
0
17
66
1
4
2
3
2
40
0
19
2
1
2
2
1
2
2
5
15
0
2
31
1
1
0
1
1
1
5
47
3
3
1
118
0
8
4
1
0
51
1
1
0
1
19
4
1
1
0
1
1
0
0
1
18
0
0
0
5
0
3
0
0
100
4
2
32
5
1
1
4
49
6
15
9
1
15
4
52
23
91
0
33
3
77
11
3
16
0
0
0
0
25
52
0
39
2
0
3
0
14
0
0
25
0
0
0
0
4
0
0
2
8
61
1
1
0
0
11
0
19
2
20
8
0
1
2
1
1
1
2
77
2
0
773
0
69
307
43
5
2
0
5
25
180
0
14
0
0
112
2
0
0
0
4
2
1
17
0
0
11
0
38
1
2
3
3
1
1
4
2
1
2
113
4
11
35
2
8
9
1
50
0
0
1
2
0
6
1
2
6
6
1
4
3
3
0
0
3
2
29
1
1
2
3
2
0
1
0
1
0
0
0
0
0
0
0
0
0
3
3
12
1
61
0
30
1
1
1
8
2
99
1
1
2
0
39
0
8
3
97
1
11
38
0
0
1
1
2
122
0
0
100
1
3
3
1
1
1
1
1
10
10
5
0
2
0
2
12
1
0
2
27
9
7
1
7
4
1
1
10
6
1
12
1
6
2
1
5
2
4
0
8
9
1
34
3
16
1
3
4
18
2
11
2
0
1
1
7
77
292
15
2
2
0
0
0
0
0
2
1
1
1
2
297
1
30
5
0
0
1
1
18
12
8
6
15
23
1
1
1
44
1
1
6
7
6
86
1
49
41
18
0
1
41
1
24
1
2
44
4
46
1
2
1
29
16
2
7
5
1
1
1
29
3
2
0
0
5
5
2
1
4
2
4
8
8
2
1
2
2
10
1
0
305
0
0
0
0
0
0
5
18
0
11
1
0
8
1
3
2
1
1
1
1
1
1
6
15
1
1
2
62
1
57
399
44
0
0
0
0
2
1
0
0
0
0
2
0
0
0
0
3
115
3
1
3
2
48
14
3
2
1
3
1
8
1
1
1
26
0
0
30
0
1
1
10
29
2
1
1
2
1
1
1
1
7
9
1
3
2
1
0
1
5
3
4
0
66
61
1
1
26
1
1
218
4
1
2
65
1
1
1
1
1
1
1
11
1
1
14
20
6
1
11
2
10
8
1
2
1
1
1
1
1
2
1
1
1
2
1
1
1
1
69
1
4
10
0
16
7
33
1
1
1
5
3
1
1
1
101
33
4
20
0
4
1
1
2
1
1
7
1
2
0
6
1
1
2
1
3
6
1
2
1
62
8
1
3
5
3
2
4
2
2
1
3
2
117
1
3
8
3
1
20
4
18
7
1
40
33
18
1
1
4
5
1
1
63
52
4
61
1
2
1
2
199
1
1
1
3
3
1
1
2
1
1
1
2
1
8
52
1
2
0
0
3
2
1
1
2
1
79
0
1
1
3
1
7
1
1
1
3
1
1
1
1
5
1
1
1
1
48
26
24
11
7
156
1
0
1
2
44
1
52
1
1
10
0
12
48
2
3
6
4
1
16
1
1
1
1
1
139
0
3
1
1
4
1
2
1
5
1
1
1
1
1
0
0
0
0
81
20
36
0
2
0
9
1
6
1
1
3
0
1
4
2
1
1
1
1
1
6
13
1
1
13
1
1
114
3
4
1
10
3
2
1
1
0
0
0
0
73
162
1
1
11
1
39
2
1
2
2
6
3
1
1
36
1
1
48
2
1
1
1
1
0
1
1
1
1
1
55
0
5
18
1
19
8
2
1
2
2
2
1
2
1
9
1
2
50
6
0
1
1
4
5
1
1
0
9
1
1
1
6
1
1
1
1
10
14
1
14
1
1
1
1
1
1
9
0
1
3
1
9
6
1
1
76
0
0
1
1
89
1
2
47
1
2
4
27
97
0
0
2
5
1
1
8
2
35
1
1
11
2
44
3
38
1
1
20
19
1
1
8
7
0
16
2
1
4
41
0
0
0
90
7
0
11
1
1
2
8
2
2
57
3
3
6
1
1
2
1
1
1
1
0
1
1
1
1
1
2
1
2
22
3
1
9
33
1
5
3
1
13
1
1
1
44
4
2
1
36
5
1
1
51
1
6
1
1
1
1
1
1
1
3
1
2
1
1
1
204
0
2
5
22
7
1
1
1
1
15
13
1
1
1
1
1
5
1
3
2
2
4
15
0
14
29
1
1
1
31
0
0
31
2
1
6
1
3
47
2
17
1
1
3
1
3
1
26
1
1
1
1
63
1
27
3
3
1
2
1
1
2
1
1
1
2
1
1
1
1
1
1
2
1
1
1
22
1
1
2
8
0
11
1
5
3
4
1
14
3
1
1
1
4
4
21
2
50
4
1
1
1
1
10
1
1
6
1
1
55
2
0
1
22
2
2
11
4
3
4
16
113
0
0
0
3
1
3
8
1
1
129
1
1
3
2
2
1
0
1
1
1
2
1
4
41
1
18
3
1
1
32
2
16
29
1
1
17
3
1
1
1
3
61
1
3
1
1
1
5
3
3
4
3
1
2
1
1
1
1
1
3
15
1
11
1
1
1
1
0
3
28
4
1
49
0
12
1
75
1
1
6
1
38
3
6
31
0
1
1
1
1
4
1
1
1
2
1
48
0
27
0
4
1
5
1
6
4
14
0
1
0
1
1
1
2
2
2
22
48
67
1
1
1
1
0
1
1
1
1
1
3
1
3
3
0
2
2
3
2
3
2
1
2
1
1
1
1
5
7
1
2
1
2
1
31
12
2
3
1
4
77
8
17
0
8
0
0
0
0
0
0
0
3
2
7
1
45
1
1
66
0
1
1
2
1
1
1
1
1
4
2
1
2
2
1
1
2
4
4
0
3
2
6
7
1
7
0
1
1
1
2
11
2
2
2
1
4
1
1
1
1
1
6
1
1
1
1
1
1
1
2
42
1
1
1
1
1
1
6
1
1
1
1
75
103
35
1
6
7
8
3
1
21
1
1
1
6
1
1
2
38
3
30
2
0
1
0
11
1
1
1
1
0
0
4
1
1
1
1
2
1
1
5
1
1
2
1
1
1
1
1
1
1
37
1
1
7
34
0
12
70
2
24
12
1
32
77
3
3
5
2
82
1
2
2
2
50
1
0
0
0
8
0
0
0
0
5
7
1
2
1
2
12
1
1
2
1
2
4
13
7
1
0
1
14
7
1
7
1
25
5
2
1
0
0
0
0
0
1
3
2
1
1
1
1
1
1
1
1
1
1
1
1
1
1
1
1
0
1
0
0
12
1
2
1
1
1
1
1
7
40
6
1
13
1
74
19
0
80
61
618
0
0
0
75
0
26
44
19
1
18
18
7
15
1
13
2
1
1
1
21
1
1
1
3
2
1
3
1
1
16
3
0
1
28
1
39
1
1
7
1
1
5
1
1
3
1
1
1
1
1
1
1
22
1
3
1
1
1
1
4
3
7
15
18
6
8
9
1
16
5
2
1
2
1
9
1
1
2
1
50
0
7
1
5
14
3
1
1
1
1
1
2
1
16
1
3
0
5
6
3
1
1
1
4
5
1
1
2
87
6
1
1
1
1
28
6
1
5
4
1
4
3
1
1
1
14
1
1
1
1
1
1
2
4
1
4
8
18
6
6
12
11
1
2
1
2
1
1
2
0
6
36
7
1
0
11
8
1
1
10
26
1
13
1
10
1
1
1
1
1
70
2
238
0
2
6
0
4
0
15
8
0
1
3
1
6
1
1
28
4
3
9
55
10
1
3
10
3
7
1
1
3
31
1
1
1
2
3
1
0
1
4
0
0
0
2
0
0
0
0
50
216
13
7
1
14
7
14
1
1
6
1
6
10
1
1
9
1
52
48
12
4
2
42
7
1
2
1
25
0
1
2
1
4
1
3
0
20
2
1
8
8
37
12
0
1
1
5
1
37
37
3
2
1
10
124
0
8
1
21
1
1
1
63
0
5
2
3
8
3
2
15
0
1
2
1
3
1
1
1
4
1
49
1
6
1
1
1
1
1
1
1
9
2
3
1
1
1
1
1
79
13
1
41
6
3
10
1
2
1
2
1
1
20
10
1
0
22
4
1
13
8
1
1
1
1
6
41
1
1
1
1
2
3
1
1
1
1
1
1
2
1
1
1
1
13
1
19
1
1
1
1
1
1
3
3
1
1
6
1
0
2
2
1
3
3
37
1
1
1
2
1
9
1
2
1
3
2
1
2
3
1
1
14
1
2
2
1
8
1
2
1
1
5
1
1
2
31
5
1
1
5
1
13
36
1
3
15
1
2
6
18
1
1
1
15
1
4
1
1
13
1
35
9
55
1
5
3
1
1
2
1
1
7
2
1
1
1
1
63
3
12
4
43
4
41
19
42
1
2
3
1
15
2
4
33
0
1
2
3
1
3
1
1
3
122
0
0
2
1
60
0
1
4
1
1
3
1
1
1
2
1
1
1
1
1
1
2
1
2
21
0
0
0
1
3
314
27
98
0
1
0
0
0
166
0
54
17
1
3
23
21
15
2
1
17
24
53
42
1
16
3
1
2
1
3
1
10
2
7
1
3
1
1
1
1
3
1
9
4
1
6
48
29
71
28
1
16
6
64
12
3
1
5
5
6
2
4
5
3
11
7
2
1
1
1
8
1
16
0
4
3
2
1
1
0
0
42
1
2
2
0
0
1
1
4
1
2
0
5
13
13
1
26
2
4
2
1
12
52
1
13
1
12
1
1
4
22
1
1
1
1
1
22
64
4
2
1
32
1
48
11
4
1
12
1
212
362
0
1
13
1
1
1
2
9
3
1
39
38
10
1
20
144
6
1
5
2
1
1
2
17
75
6
1
2
3
8
1
4
2
1
1
0
4
1
1
1
1
1
1
2
1
1
1
3
1
1
7
3
1
1
15
1
1
14
7
2
1
45
4
1
85
11
3
1
15
3
10
0
2
1
4
4
2
11
1
6
2
1
1
1
1
2
8
3
10
1
9
16
3
1
12
11
0
2
3
1
3
1
1
99
0
2
1
0
1
46
23
6
1
8
1
1
47
20
1
2
1
2
1
2
3
1
1
1
1
5
1
1
8
1
2
2
6
1
2
5
1
2
5
2
15
0
9
3
1
13
2
1
1
1
2
3
1
1
1
1
3
1
43
1
2
1
1
1
0
42
29
4
6
1
5
7
1
2
2
5
1
4
1
1
1
1
1
3
2
26
1
1
2
3
2
23
16
0
1
89
1
1
1
1
4
25
0
0
14
2
3
1
1
20
2
4
2
1
32
1
7
2
1
2
4
28
1
2
15
7
1
2
2
2
6
3
1
2
6
1
4
1
147
1
2
9
21
0
0
257
0
89
0
1
1
2
23
1
4
1
4
27
77
1
5
1
1
4
111
115
0
33
1
1
1
15
1
3
1
1
1
2
1
1
1
1
3
1
1
1
1
12
6
3
2
86
0
1
25
2
2
9
0
2
2
1
1
2
2
26
7
1
12
5
37
1
76
2
1
2
6
2
16
84
43
1
1
2
2
3
1
1
5
1
0
9
1
1
1
1
3
1
10
1
1
6
9
2
2
7
1
7
1
5
1
2
1
1
2
57
1
5
1
1
0
2
3
9
1
41
7
17
42
1
3
3
1
1
1
1
1
1
1
1
2
1
1
1
2
1
5
4
9
2
1
1
1
5
23
0
1
1
1
1
1
1
6
1
1
2
4
4
17
1
1
1
7
1
3
5
5
4
8
3
3
4
2
1
8
3
7
2
1
12
2
1
1
1
2
1
1
10
7
55
0
0
3
1
1
80
6
1
1
1
39
1
22
2
1
1
2
6
1
1
3
11
1
4
5
1
1
1
1
1
1
1
3
1
1
9
1
1
1
1
17
11
1
2
5
1
12
12
6
4
24
2
2
70
6
1
6
18
7
1
1
2
14
1
9
1
1
1
22
0
4
1
2
4
2
2
1
1
1
4
1
1
1
1
2
2
16
0
1
1
1
0
1
20
0
1
1
0
15
1
3
1
1
2
2
1
2
1
11
15
1
1
1
9
5
3
5
1
1
0
9
0
0
2
1
0
0
3
1
1
1
3
11
33
2
3
2
1
1
2
10
2
3
5
9
6
1
1
3
1
1
71
1
2
1
1
1
1
2
1
1
1
1
7
1
4
1
1
2
2
1
5
1
4
31
12
1
1
2
1
1
1
2
8
2
1
3
1
10
6
11
9
0
2
1
96
1
13
1
7
3
20
1
14
57
59
2
1
1
1
1
1
1
1
1
1
1
1
1
3
1
1
8
1
3
1
8
46
2
1
1
36
15
1
4
1
1
2
3
0
1
11
2
2
1
2
18
3
3
3
4
1
1
1
1
34
6
1
7
1
1
1
4
3
1
1
13
2
1
1
20
2
1
0
2
1
2
1
1
1
2
1
1
1
46
1
1
28
1
2
1
0
2
1
78
0
1
7
1
6
1
1
1
2
2
1
4
1
1
2
24
2
30
2
1
1
1
2
3
1
4
3
3
1
5
2
2
3
1
1
1
1
1
1
3
2
1
0
4
3
5
4
2
1
7
5
79
0
11
1
2
2
2
1
3
2
1
10
2
2
1
2
1
2
6
1
1
1
2
1
2
7
1
2
1
2
3
0
1
2
17
31
1
10
214
1
1
3
1
8
13
0
1
1
361
0
0
0
1
8
1
2
8
44
1
2
23
4
1
1
43
1
23
7
1
1
4
1
1
2
1
1
28
27
14
4
10
7
10
9
1
1
4
26
1
2
1
4
5
7
3
2
1
6
8
1
52
2
1
26
0
3
1
1
1
5
2
10
1
1
3
0
0
0
3
5
1
4
1
1
1
8
3
1
3
1
14
2
0
1
54
0
3
1
1
7
84
1
4
0
1
2
13
18
1
1
1
1
1
54
11
3
1
1
1
11
4
13
3
4
5
3
1
1
12
1
1
1
2
48
41
29
122
6
35
101
1
49
41
1
68
152
2
31
0
0
0
80
10
1
10
4
32
3
6
15
3
2
15
13
1
1
1
1
21
1
1
1
1
1
0
1
1
1
1
1
2
3
1
1
2
19
14
2
2
1
1
1
2
1
1
2
9
1
1
1
1
4
2
1
2
10
1
1
1
1
1
12
1
1
24
18
11
1
16
1
2
1
3
6
7
3
10
1
30
2
3
1
1
2
1
3
1
1
2
1
1
1
7
15
6
1
2
1
1
1
1
1
1
1
1
2
4
19
1
3
2
37
1
1
2
4
8
4
3
1
0
1
1
2
9
1
37
3
1
1
1
1
1
2
0
0
26
2
3
2
8
1
1
10
16
1
8
2
1
1
9
3
1
21
1
1
12
1
1
1
4
1
19
1
3
2
1
1
1
1
2
7
2
1
1
1
2
3
1
1
1
1
6
1
243
6
26
14
1
3
1
18
3
1
1
4
1
10
11
8
1
8
46
1
3
1
13
3
1
1
1
1
1
8
1
1
2
2
2
2
1
11
27
1
1
1
1
8
2
1
3
7
28
1
16
66
1
2
1
1
3
15
22
2
12
3
0
1
1
1
1
21
1
1
2
1
2
1
1
0
0
0
5
2
10
1
2
3
4
4
8
5
5
1
2
1
8
1
1
0
1
3
1
1
1
1
1
49
21
1
1
50
10
1
4
7
4
1
1
1
1
1
3
3
1
1
2
1
1
13
1
1
1
4
2
1
2
1
1
1
9
4
1
1
1
0
13
4
6
9
1
1
23
2
1
32
5
1
1
191
3
0
1
2
0
0
16
6
29
2
0
0
5
0
84
20
22
0
12
1
6
1
1
1
11
3
1
1
1
2
8
1
92
16
2
24
1
1
3
0
6
1
1
1
7
1
2
2
3
1
1
5
5
2
1
10
2
4
1
14
1
2
19
2
5
52
9
1
2
1
2
10
4
3
1
10
3
42
11
1
2
4
3
13
1
1
9
4
14
2
1
3
7
1
4
1
11
1
0
6
4
1
10
1
1
1
4
1
1
1
3
2
0
1
20
0
1
1
0
6
3
7
1
3
10
2
1
1
25
17
1
1
0
3
1
1
2
1
1
1
1
1
1
6
1
1
7
2
1
3
1
1
1
1
1
1
1
1
1
2
1
4
1
3
3
54
1
32
5
1
1
18
1
1
3
18
1
0
1
1
5
1
0
4
2
1
1
2
2
3
1
2
11
1
2
3
4
7
2
1
1
1
1
1
9
1
1
1
1
1
1
3
3
4
1
3
1
3
2
1
7
3
2
2
1
3
1
2
1
1
1
1
1
1
6
2
3
1
12
3
1
1
4
1
2
3
1
3
3
1
1
5
31
4
18
1
1
17
2
1
3
1
5
1
0
5
1
8
1
10
2
1
1
1
0
4
1
1
1
0
11
1
9
1
1
1
1
3
1
1
1
1
1
1
1
3
1
1
3
2
10
1
2
2
5
6
5
2
3
1
2
3
17
1
1
1
1
2
1
2
81
7
1
1
1
1
1
17
2
1
4
3
0
3
1
3
1
1
1
1
8
1
1
1
1
29
2
3
1
1
1
1
4
2
0
1
1
1
3
1
1
3
1
3
70
1
1
7
4
1
1
1
2
1
1
1
3
2
2
6
1
8
1
2
1
5
1
13
1
1
28
10
1
85
4
22
2
2
2
1
101
0
2
1
8
12
7
1
1
1
1
54
1
1
1
1
2
33
1
2
1
29
8
17
11
1
58
0
1
1
5
1
21
1
2
1
1
1
5
2
1
10
9
3
1
1
1
1
1
58
0
10
1
1
1
1
1
1
1
1
1
1
1
6
1
1
1
1
10
4
18
7
104
2
160
18
1
5
0
3
50
9
1
1
2
1
9
1
2
1
2
4
1
7
3
26
1
1
1
1
1
1
11
5
7
1
2
6
4
1
1
1
1
6
1
1
1
3
1
1
1
1
1
2
2
1
1
1
10
1
1
3
2
7
4
1
4
3
1
1
1
1
1
1
2
1
1
2
1
2
1
2
0
12
1
4
10
2
1
1
22
2
1
2
1
3
1
3
8
1
1
1
1
2
1
1
1
6
3
6
1
1
1
2
1
4
1
2
1
1
1
2
1
3
1
4
2
1
1
1
2
1
1
1
2
6
14
1
1
1
11
93
2
1
2
2
4
5
19
3
1
1
1
2
1
4
1
19
4
7
1
6
4
2
31
28
1
1
2
49
1
1
4
1
54
5
3
1
1
1
1
1
1
2
1
1
57
1
5
1
3
0
0
0
0
5
6
2
1
2
1
1
1
1
19
6
1
2
10
1
1
7
1
1
18
1
1
1
1
1
1
2
1
1
1
1
1
1
1
3
1
2
1
1
1
1
4
3
1
3
1
13
1
1
2
1
0
1
2
2
1
1
14
3
1
36
31
21
98
1
37
27
118
2
3
3
1
7
1
2
4
1
70
0
1
1
2
123
1
11
14
2
5
1
1
18
15
1
15
4
2
2
1
1
12
1
1
7
7
1
1
1
1
2
2
11
2
2
1
3
30
1
2
3
3
1
1
1
4
1
1
12
1
1
1
1
1
1
1
2
4
3
1
1
2
2
1
2
2
2
4
1
9
2
1
14
3
1
0
1
1
5
1
0
1
8
1
1
1
1
1
1
1
1
1
1
1
1
4
12
7
7
16
4
101
1
1
1
23
21
1
21
1
1
1
4
1
3
1
6
1
1
1
5
3
5
4
2
1
2
1
1
1
1
4
3
1
2
1
1
2
1
9
1
1
15
1
39
1
6
12
2
1
2
1
15
1
1
1
1
12
3
1
2
1
21
15
1
4
1
1
1
2
1
1
7
3
9
2
1
2
24
1
3
5
1
3
5
1
1
18
10
2
1
2
2
1
1
9
4
7
2
1
2
1
1
1
3
3
1
1
1
1
1
1
3
1
2
4
1
4
1
1
1
1
1
1
1
0
1
1
1
1
1
2
1
1
8
1
1
1
1
3
1
1
1
3
1
0
1
3
1
1
1
9
16
3
1
1
3
4
1
1
1
1
1
1
1
1
1
1
1
1
2
1
3
1
3
1
31
6
10
3
4
3
1
1
1
1
28
0
9
19
1
1
7
4
1
4
33
1
1
1
3
1
2
1
1
1
2
39
1
1
1
1
3
6
1
1
1
1
1
3
1
1
0
6
1
2
4
1
1
6
1
5
12
2
26
36
2
13
3
2
4
19
1
2
1
1
2
1
2
4
2
2
1
1
2
2
30
1
1
45
2
1
6
4
1
13
50
1
8
2
1
2
2
13
2
1
4
1
1
1
13
2
11
19
2
3
20
1
35
11
1
2
3
1
1
1
1
4
7
1
1
1
1
1
1
2
12
6
1
2
23
1
1
1
1
1
4
1
2
1
1
1
2
1
2
2
1
2
1
1
1
1
1
1
2
1
7
1
1
2
24
1
1
1
1
6
2
6
1
6
1
5
1
1
1
1
1
1
2
1
1
27
30
21
4
6
1
10
12
1
1
1
1
2
3
1
1
1
1
1
4
2
4
2
1
1
1
2
1
1
1
1
1
5
2
1
1
1
1
1
1
1
1
11
1
3
2
4
1
1
0
1
1
1
1
15
1
0
1
2
1
1
1
1
1
2
1
1
2
1
7
1
1
0
1
1
1
19
1
3
7
16
20
3
1
1
20
2
1
1
1
5
5
1
3
1
1
3
4
1
1
1
1
0
1
2
1
1
1
1
16
1
1
2
0
1
5
1
4
1
1
1
1
1
1
1
1
1
1
1
2
2
1
13
1
1
1
1
1
1
1
1
2
1
1
1
1
2
1
1
1
1
2
2
1
10
1
1
5
1
1
2
1
9
1
1
1
3
1
7
1
1
1
1
1
1
1
1
1
4
2
4
2
1
1
1
1
1
1
1
1
1
11
1
1
1
1
6
1
1
1
1
1
1
2
1
6
1
1
1
1
1
1
1
1
1
1
1
1
1
1
1
1
1
2
1
1
2
1
